27.4858557
470.022379
273.7840219
362.1873194
40.17967527
610.121802
35.29368772
564.2646217
381.6158739
432.5356475
27.56907389
104.9609731
463.411861
471.7777127
110.8931696
632.0726469
208.8579694
566.530542
305.7158164
579.7723096
570.7609161
629.3107703
443.9863771
122.3212133
398.8797361
163.456289
147.9627447
391.638817
97.93167086
656.7235483
649.0719986
39.86908002
123.985064
131.9853662
239.6475772
588.992162
113.9581952
410.0820525
230.2219679
317.879281
372.4363133
487.2414002
192.212621
411.158915
600.2137763
107.834013
108.5841135
448.0229977
139.0245476
158.7017063
586.7287171
122.725037
620.4054624
96.28441191
326.8543339
427.5230268
533.2443839
237.8780654
331.727502
75.7221897
407.6500209
166.326729
372.9255173
423.1871459
295.3439455
278.7176566
682.3731024
147.8865547
325.3461818
274.4485713
213.068013
214.8612934
213.2490338
133.0567606
341.9489074
141.1637064
203.2798285
613.4616435
525.9071514
491.0468969
276.5948365
261.3419238
669.3002548
654.5358027
523.3835888
55.5447215
617.0229519
234.5280088
317.9884728
282.0371215
43.72477313
521.3502823
640.7700921
36.46711753
35.04465964
670.1810463
475.8144933
293.8611672
390.73349
252.9433672
171.7232845
199.7677457
317.3729529
165.6528917
342.7054775
333.4585196
2.11603973
306.4021404
115.9679432
598.3855651
636.9618336
88.60601551
531.439333
169.4381758
517.0123448
244.9678892
501.1045279
478.4681869
682.8038253
649.7582657
251.5968327
23.17759191
313.6362857
197.6180022
554.1675671
251.1619048
371.4149349
408.1390252
296.1508779
233.2207634
556.2754448
542.1958022
18.69006129
263.8681176
39.65141834
525.3255467
657.4524735
19.00257909
478.8241355
682.4595086
488.5441933
151.7125933
300.0566527
658.574052
413.4786445
215.7981381
258.9820511
197.0228647
114.3813231
618.7866359
662.9461404
225.3756958
346.0981788
460.9691548
357.8069538
501.031019
374.4563571
421.1844308
495.1782153
35.05968567
86.56975708
581.696755
71.06722694
354.5255558
504.9377307
485.0823504
351.5211828
186.6816309
520.704968
648.278411
495.7123007
585.2100426
9.794853182
126.9786413
504.4247091
339.1921111
251.781542
59.98940911
186.094071
357.8859908
58.69167114
582.7232598
576.0578633
298.7857348
480.6055663
357.2427293
13.9914154
587.8310079
409.0206474
449.8749427
5.97371248
259.1730122
106.6634843
344.5134514
290.8675845
516.4663844
665.7102018
658.4665634
285.8731527
385.4262203
674.0033582
55.86333703
497.3453218
586.2404422
17.40603273
200.5558957
584.2717469
427.3694585
230.8168735
554.1505575
224.130805
668.6100613
284.0896897
353.7830594
210.4068417
494.8689313
425.4307769
457.305041
237.75399
565.7472022
188.9988078
655.9424501
9.69990847
303.6892529
571.330046
580.1478028
304.2224873
498.8501486
493.5646792
198.3702451
91.05937025
57.76530457
481.5219992
681.8757291
551.9482457
411.538897
334.2485998
235.3901685
234.9917437
222.6541287
35.60475371
152.6712125
370.5210578
258.3555102
451.5143149
269.9690491
623.0507159
260.969838
155.4401133
361.8850295
361.2337483
60.78584972
405.4683587
638.4175863
611.1484469
191.9079056
591.6255367
668.5607695
233.5497457
499.6742716
450.8184496
570.6148229
554.5326516
576.1447783
109.0490668
379.6593048
358.4097616
195.3211997
386.5133502
457.0764935
416.4780008
361.3032259
538.8088496
187.1162515
444.1246601
524.6566921
420.3237582
524.3865068
452.4214912
675.2565591
515.4862954
620.8739034
641.4188251
657.1477639
519.0011449
240.242761
275.0175672
333.0601491
73.50144119
508.3566819
374.6025941
650.2755855
210.8335832
95.82164501
118.0130559
40.74986511
548.0787123
454.5703472
218.0545162
65.95292795
526.286387
104.5630543
476.759345
186.3754761
625.6932079
108.9011834
22.22229941
314.2664852
276.677548
307.3723975
37.50735014
89.7393626
648.3272627
273.3227633
593.0472331
153.6810107
530.8346569
472.4175382
210.6681177
624.7716446
670.3978286
652.443649
265.4230146
496.8709037
562.1846704
665.004846
40.84654094
346.1086576
81.83229875
295.9633214
79.49352768
135.1117771
424.0687491
464.2494107
164.8326936
246.9162678
60.48262201
269.4136422
610.7320163
552.5197316
42.8632448
573.5131092
201.9546518
477.1281259
623.8351996
456.3530494
668.816496
344.7771524
594.9011122
424.0057317
222.7142476
529.9296255
315.3819117
533.9324747
163.161359
521.7634151
625.2747059
638.1979509
491.5841463
21.4043347
616.3298495
88.08642422
21.78035243
479.8649421
216.9294891
109.5876335
212.4226672
186.4003589
409.6131025
626.5599211
329.2377542
83.90311482
526.3488158
550.857608
411.0282833
550.0988791
600.2576202
635.5090496
548.9454264
416.8325352
507.6713346
698.9451949
649.1172775
2.497670765
119.417763
239.6629249
678.4896666
407.4222961
279.6139214
125.4581252
69.59409969
511.3734704
268.6460638
36.29134483
506.5315189
562.441849
486.7261461
6.422718862
132.8448331
395.2007691
144.2023078
417.3822678
623.4522415
503.959622
363.8066912
600.3711428
305.2558926
55.68766305
271.1272616
223.1492437
176.9839397
610.9092557
193.2409162
607.2937131
374.4728062
402.232558
475.9850257
532.3707514
518.8145077
335.5617324
219.25332
256.8275926
613.4206428
443.6706384
610.4785438
554.5177779
558.0098526
119.2529838
325.0345068
646.7993032
25.10665861
221.9282786
278.6927018
386.228648
531.6997969
447.444668
153.5465841
672.611858
190.5954828
318.2687984
151.0787739
383.5469647
263.763818
91.79817639
328.1868711
574.4311285
224.8656119
662.7847581
145.4609051
208.0244228
215.2464229
275.681714
155.7871916
411.279741
453.8642726
192.682438
294.6771914
493.8997421
292.6690328
490.8665559
151.0088424
689.5193646
532.2913455
380.7890728
265.0581034
108.7052285
284.4799928
103.6664207
131.0535626
572.0765123
73.18418674
200.590534
264.555515
202.8648182
470.566141
382.3745771
583.5187663
505.5171005
172.7635172
58.35636032
638.5622735
694.3234614
596.0357097
582.1327782
599.7071788
113.1126051
689.7939939
564.4338914
425.0210591
356.0573098
606.3000761
108.6846535
461.0355084
435.1281693
123.857966
468.1766809
39.68061375
185.6804613
368.3709834
693.3106657
382.1109166
222.388103
6.542544012
533.2583492
492.4982369
490.5169066
269.3532541
383.7021133
283.4792211
253.8780736
605.8864987
545.2217397
159.9282652
682.6057786
303.2005468
261.3726369
620.5868313
263.9220981
673.9465384
34.02314509
512.781164
454.0179744
337.3431749
531.2184206
95.04849323
410.1829873
99.36600191
576.4420799
570.2714875
222.5161582
343.5719199
248.8770739
435.2843382
311.3120531
562.9732326
555.1276951
439.7237598
496.0721489
374.7375383
528.1767994
469.2353241
196.8775419
69.02800724
115.3475521
433.8684932
558.2676332
143.8633305
535.2071598
676.6123755
467.9018584
346.6016593
89.67926965
535.3565666
265.2590872
230.752386
653.9499267
552.3850891
586.3996626
113.868129
299.5075302
670.1584929
108.7755469
624.3978797
288.0438444
258.4179305
664.2801489
370.6809213
370.8560937
114.7382071
114.2530975
264.4033381
240.077216
479.3514947
460.8574471
641.2092179
202.229288
50.92736538
222.1626746
161.9753611
345.7243492
267.6024282
193.4352266
449.2952812
244.5192022
352.6239216
554.4364207
617.9693456
248.5520389
204.7815202
339.0497916
444.119636
554.4137099
257.1449306
545.1263371
584.7053359
549.1918208
229.5413601
414.9972563
289.4131802
681.4014368
597.0708035
569.7026168
146.532356
628.3276207
143.2592415
413.7790699
241.6396294
75.69271631
48.19756862
407.8209894
332.4101299
542.5010258
224.7886069
295.9817976
687.5176422
75.44737715
519.6882144
105.5503731
396.917293
196.2960213
92.74984658
403.8582142
105.6530748
1.546729115
478.2723329
101.1647159
472.9103587
365.9607995
276.2176459
243.7682976
365.3163828
534.0125865
430.514273
244.6813305
250.569887
587.1364755
212.2797042
394.9617175
314.8431932
594.06886
478.5357209
654.538195
288.1438531
162.5562614
694.939827
555.7490741
655.9664079
243.2724775
482.3716048
185.469844
19.87552371
160.6109761
240.9455436
538.9695281
162.846275
390.3933937
34.28158928
32.81591065
493.4350551
292.0720557
594.6856449
638.7842246
329.2068762
121.4013952
588.3148852
350.0956087
606.8780192
542.9957115
581.6972951
76.43616838
699.0571994
327.8772702
139.7221196
258.5245991
147.2143605
328.375333
564.7976049
125.9546999
562.5779277
47.7610244
254.8815908
219.355097
72.82540922
623.7223373
189.0617249
388.5071425
698.1217861
503.7464198
390.713537
572.31824
508.3770326
498.8112025
614.6279424
575.4658769
403.3461927
647.620187
122.6316101
590.0639711
342.8878624
173.0737875
90.97880086
643.5585668
255.1605369
77.59640598
19.54235258
14.85035891
604.4103245
347.9727487
323.8057223
288.1701656
170.0329971
316.3060549
22.86364711
340.1877534
98.9094013
120.652824
610.5902792
46.16883492
463.0256857
672.3242229
460.1149693
577.7628704
637.70541
447.9678254
348.4459641
338.0089397
258.4468874
465.4405831
553.6161482
334.7204936
270.5697129
495.4636339
510.940588
312.9894346
198.8111453
388.8834427
132.3460824
1.758298647
486.3506524
25.19086096
571.074269
155.0986021
128.5506564
205.5754269
484.5118136
327.718146
418.2495412
547.8546422
224.8766081
142.2431213
415.6763332
538.6220353
455.2731826
202.7850082
94.28625309
564.6759825
440.5680079
189.8267716
633.9949285
348.8585522
170.2572292
507.3676022
669.4313709
342.2678312
332.5718396
117.3821722
431.3438853
135.5191106
638.9683218
260.69637
596.0925089
65.85509885
276.0287481
432.6799881
309.0295869
44.16799121
322.6313655
586.77827
487.5315915
179.0963315
101.3233313
127.735101
354.2778288
203.1913112
407.0016602
517.4006734
420.715127
172.7734411
155.3164875
281.0953459
471.0972107
263.2444643
635.2179134
676.5776077
165.7491004
34.22415223
456.5664587
59.33958042
141.103557
133.6569485
685.5728438
296.6061842
428.6288421
684.62746
452.3795342
371.1938592
170.6306207
692.5961637
635.6695825
38.28527778
172.1470653
325.7020466
475.335678
517.2024941
661.685193
314.11577
632.4728642
14.35585858
81.15681529
3.363418497
668.9808539
429.975851
287.0740934
97.10574157
413.1611885
567.1225325
168.3828703
226.2133577
364.2959973
243.0773052
201.453742
276.5327035
358.4558159
467.1204891
380.9343941
225.4487418
12.37809227
125.3854616
683.6406209
604.7500313
125.7313008
312.8914026
353.0499031
520.5499049
208.7070223
252.1773177
50.44077344
207.958586
686.2483688
458.0003529
58.35578738
135.4183245
256.2438181
282.4330922
288.714103
636.3327771
18.02177549
260.5163478
505.8717564
669.9715649
565.7219722
597.0260677
502.5077326
26.10355028
246.0937917
298.021384
459.6812619
277.0918891
456.3598582
201.7747001
611.1975762
537.4434953
241.3479596
24.24260277
176.1833724
642.6639201
443.0641902
600.8023586
182.8158284
365.4328312
148.3366561
680.5639744
483.1377133
362.6822927
584.2229593
544.2417947
105.3660478
488.2911581
588.422985
398.6281086
243.2929583
476.7059027
50.15506316
189.2747061
483.3244123
507.6416737
574.4196256
238.995265
121.1382048
279.1599244
391.0125449
360.2355021
475.5791287
80.50179026
665.7974124
195.4195099
659.675254
107.4863795
381.9037223
305.4444171
479.3064226
175.523831
346.0834925
127.1246486
430.5181575
124.5433123
431.7977564
479.961033
630.9980489
104.9674895
15.86339231
65.05482478
100.7353121
215.3376238
546.3239005
504.4748947
564.2463863
125.4552086
333.2753111
671.7322194
208.661281
555.7230816
324.0252913
276.4333411
118.4414988
35.83888571
688.9962103
466.1740988
679.6628078
188.0570923
603.5870941
618.0013879
267.7055244
242.6818129
393.2730785
151.747795
698.3264324
618.5164144
485.8480554
570.7062844
384.6656261
413.8366555
582.3912011
664.2718115
594.0592136
434.3511437
0.68329625
395.6989246
222.659108
498.9933662
688.8989173
298.8960787
208.1251119
187.0819516
248.8100749
500.9818993
242.5293993
178.4339282
29.81414051
643.3622292
696.9877647
507.6491773
540.7657519
584.9192202
364.776318
436.646995
590.4106293
555.1836714
241.633653
301.4481854
188.7731843
236.5266351
40.4332241
335.8467703
429.0567717
488.0827283
82.60816109
304.3906644
217.8596124
324.9060727
24.04471086
423.5900232
290.4636323
547.1475472
311.5467678
476.590802
32.92864461
200.8171418
428.4065702
516.2255496
549.1436467
401.4095129
233.5362267
122.1469063
184.1556301
14.7115578
395.3855853
238.94084
434.6856605
319.3903342
27.11785795
497.5702621
424.9779233
250.0196551
280.7217288
7.256271685
401.2235813
422.6947803
186.3945318
13.31429237
61.79345851
683.5833317
621.3025465
622.1748469
651.2433059
211.7100868
519.0112382
641.5259539
206.1313567
578.7260671
74.368317
27.5605852
275.3597625
320.4385249
447.7460485
309.6374621
671.4623503
495.1327722
647.8285593
13.05367369
535.249695
551.4386499
418.2868958
658.4955972
317.7356867
475.032669
222.6524471
193.765642
410.7343711
252.2027281
536.1478459
439.2333196
690.3035357
439.791057
301.7152187
75.88036979
44.77571526
171.0514645
579.5351099
337.3166582
603.3474276
352.59358
82.7457283
67.55182806
249.3653312
421.5187515
194.8784859
99.15531184
311.4598307
6.732268609
231.1283667
400.4432132
551.6581918
678.0466567
533.5224801
569.3165061
54.74934357
240.8282071
589.0677851
142.9785858
505.3676174
62.67197082
358.8286592
49.68264716
104.0455235
678.1452645
151.3069703
557.3811309
27.4883856
38.65231688
307.5260789
449.4353247
485.4241376
444.797635
251.039117
76.93142852
55.70280878
451.0101719
73.3098766
288.9264284
662.5111539
70.10606378
288.1486191
36.63230988
446.9515851
318.0188549
217.3446446
466.8512681
489.9013385
671.6943013
581.917052
527.0197617
352.1040588
320.3585643
49.91880271
245.6384027
343.9759271
378.8323657
29.94677782
698.8826484
496.8814404
558.2610597
339.2093118
554.8237996
620.0882237
559.9787142
191.3845697
478.6749153
144.5376939
566.6654688
436.959116
14.40807276
286.251889
494.1807201
295.412145
219.9358453
668.2720313
60.60058646
363.6553678
453.5481645
221.7799058
482.0380107
116.403868
574.863194
51.66237519
50.21325036
216.0254921
657.3526663
490.184825
130.9570451
79.46558706
191.6015891
375.9179345
237.1961465
458.5057046
147.4640152
273.6598116
366.226538
80.34578843
126.5708111
315.2265157
545.7803692
278.076769
395.058742
360.5524342
617.2894583
366.453246
171.9315844
281.5533611
315.5826745
643.5840289
430.5911742
554.3348841
576.2585246
199.6477948
15.5393741
1.250725249
4.224657745
603.2830072
197.8990354
497.3960402
15.61764556
51.54351635
469.5901943
368.1126069
554.6473028
193.5089098
244.538895
36.11606873
229.9678121
452.6584693
236.1071391
454.3478632
52.83993283
336.8649612
314.6368924
2.002284596
267.4568754
372.5227746
497.9382747
406.3368732
195.1163038
563.0666052
205.7142408
380.2804816
453.1486755
487.911094
33.32588311
484.2296737
572.1213828
197.5006663
561.1128007
628.470562
568.0577479
578.5220359
651.4392855
136.9273083
99.55036656
333.1346974
647.0034037
196.9470894
46.31333904
323.8866148
699.4520285
470.8615132
432.1017358
565.9847971
97.92735699
316.5210386
104.5469483
289.2488354
109.9942541
416.6642949
657.3030591
58.52077239
522.3396449
256.6348441
471.5524978
626.0070035
9.281106353
87.12086073
10.47576339
33.76494494
487.7890086
21.33370794
500.3090567
569.7032616
620.3871857
121.4976374
22.43103575
308.5798606
362.3814724
87.62262885
242.0141022
271.9914754
164.0870898
131.5814968
67.83860071
305.7756279
14.74414771
330.9205096
652.2760115
558.624966
79.73542408
293.4205613
371.4347714
217.2901998
7.067953004
604.7731805
599.1740482
473.0672411
23.69124885
524.2156168
479.6356112
167.6023569
522.5128367
417.7700096
345.2976407
524.5612724
481.3998504
50.63818221
215.0087714
239.4608669
608.3984374
454.6360352
17.60461678
567.5303419
236.3789528
274.3689919
142.2657206
525.7216068
357.4097944
642.3899591
207.1780756
562.0716936
165.0261853
422.104376
163.972342
446.7585734
462.1636318
502.0745866
219.9483153
575.7609296
79.8644572
364.2706964
301.295678
445.3566136
421.6185108
29.42309062
658.5070578
127.7912332
198.13375
593.0851014
347.0201151
321.4022072
596.8024077
266.6343396
96.3248702
482.4479441
74.24903078
587.057935
485.7134762
193.1835116
530.1280236
272.9219498
556.711278
151.3742062
161.445693
529.7932064
494.2180632
18.80103276
91.1878644
133.4724079
596.9375782
83.70491061
556.3130696
427.1992702
539.7996753
440.0237758
118.7461832
601.3690231
349.5676142
230.3553968
158.0200482
101.4649488
524.6179141
522.4481726
608.4414756
362.7187417
629.822912
656.7529117
560.0574477
570.6648733
291.9551516
215.4115961
85.69885225
231.423867
107.6794614
246.64127
8.208410935
519.2705448
514.1747917
209.3576618
145.2614264
343.7480813
441.6139896
680.3047214
68.83960053
306.7740939
658.5719891
548.3446747
323.2495674
255.2815615
650.578934
443.0775743
81.17378338
387.5718011
609.7174004
510.027416
262.672712
240.6520288
441.6816641
460.5139293
273.5729342
688.5611572
172.9213444
591.7617423
482.8230667
629.6785815
554.0194166
325.0622649
690.6015224
117.4563195
518.1698098
437.4541006
82.56878107
236.484189
352.6923821
476.8067031
16.90611449
67.71787331
199.1081895
22.79391066
100.9215152
536.3917572
464.2484294
147.0128132
135.759024
174.4124054
522.341929
395.5464974
620.2414508
32.10846728
437.4600565
125.211184
688.0925183
116.9617765
601.9243632
511.1931181
33.00852795
564.0370934
695.6472212
365.9990935
22.51213679
567.5390825
49.17394676
631.3385864
235.9014663
40.04921991
343.8235411
228.6129485
512.1074576
637.5252177
156.0357543
135.4444227
224.6017337
140.9064013
373.3216824
240.7056913
453.9060395
3.081327952
30.09801495
391.9977444
192.9824612
355.8066459
299.0130277
20.94441875
555.0133769
300.31531
254.9306723
114.7919916
110.1970403
72.14515783
640.2549041
433.5929525
547.6409954
433.4066328
600.3250214
378.9034979
195.262494
63.92475201
666.8673944
215.1006004
377.8103031
494.5351311
494.9852894
437.0370648
85.28210564
432.2694711
436.1743047
626.8549497
479.4251166
48.8812848
650.5744553
669.7388807
109.0475831
638.6374913
116.7379924
504.8179518
461.2090146
591.077221
161.9578149
221.2958711
263.4370125
350.7454644
578.0947566
402.422261
204.0930665
484.7603953
161.9735632
392.048109
208.0294929
162.2975828
216.5443697
524.8471769
42.28431522
94.76196604
676.3674323
352.6789532
231.8635606
381.4724084
388.1311357
175.0169816
648.1630579
98.41689353
406.6206299
460.2956073
30.24941454
680.1959084
119.6602346
655.8015818
582.4971985
592.5739502
335.2887511
489.700062
188.4374646
201.1602494
562.8864927
258.8291708
115.7203257
405.5230003
268.38208
52.06386806
609.2188052
264.2539857
423.5131722
276.9608603
170.6691195
524.330265
0.929310019
437.4925161
61.94912266
243.4248668
62.32776952
149.7641306
256.5023905
212.3426458
273.4777306
613.7438343
667.9967021
612.1238005
474.7506891
579.4583607
399.9094405
288.5076768
618.5259921
689.8434387
136.4522499
693.8483899
590.6599935
123.4352574
142.042154
93.47856457
519.1180612
647.8042886
81.49700734
240.4769322
420.5233546
10.48697474
276.1787393
526.727908
618.0058366
610.3843947
366.538565
139.1217729
226.0003124
253.1927409
170.736154
27.84272407
436.4762384
473.2924234
109.5015023
203.0961832
543.1077108
227.0303356
339.5805918
298.7737748
176.2253211
328.3792107
528.541059
359.4318268
152.5077897
550.3581176
200.4018958
254.4457502
605.7884023
369.9507803
172.3726906
269.9794931
5.874419431
421.2687611
400.7348553
440.1323841
488.1400121
329.2284853
370.1220731
53.8552215
216.1894601
34.43663968
263.5536604
280.8214282
252.8924683
578.1007769
20.18136378
611.635637
114.5740338
220.3307559
30.17641759
207.658041
280.0604607
306.6424672
6.734185517
133.0265593
277.1768245
478.5364411
567.3499483
107.9072854
637.8965562
113.8887633
526.7884409
643.062744
594.8689469
70.96729717
666.7418093
522.0746531
535.3822937
253.0094081
326.2623336
556.2412965
272.3379068
368.5889882
13.99167616
469.0620603
105.4586876
415.1668718
665.3840533
367.9088618
486.4937422
251.867466
602.2298231
563.8412208
577.6865618
343.40967
529.073582
667.9856596
554.2967474
80.59154043
485.6440281
520.6231891
477.2794935
183.3935112
33.78697994
547.0560289
562.2217921
210.0351041
299.2625608
550.6124602
384.3520366
582.3649202
260.3311715
697.9485434
82.5489617
656.7424614
466.4238745
391.0975762
531.0615945
445.9755167
504.8957533
216.98107
482.6449009
679.8835028
586.9664679
542.6546298
36.60526878
599.3977886
695.9243875
642.6295341
423.7122246
440.9010749
658.7414743
161.0000976
617.7317053
295.3620406
123.3277983
296.2582044
628.2816262
251.3019032
197.9487794
551.922787
493.4619126
332.7945456
481.8820304
16.07002734
411.1999358
327.9627434
103.8072141
28.51930673
180.5348608
252.5716489
389.8570996
537.2428842
511.0516921
206.0862518
633.7553691
622.2492704
339.9989329
185.3989946
359.1355059
367.4112727
417.0710419
201.5236585
247.1637932
441.2378077
385.6067063
393.6650839
275.4200401
691.9207952
549.892078
211.2994601
20.9877378
554.8117608
287.5693525
169.3787561
212.5167059
161.4901276
69.68974295
248.5326132
382.7332396
372.6115097
11.75930921
396.1637893
207.7401195
103.788009
676.4418661
112.6059802
377.251133
651.1479779
359.8842111
358.3040963
566.4338097
188.4480526
379.842576
660.981329
494.4001775
333.9302188
160.1842951
122.1900993
552.9437973
558.0101069
523.9520088
208.1805049
294.1604231
592.3623307
423.4829876
144.1963155
133.8349606
269.2197985
535.065871
156.6965974
344.9151126
287.1679648
78.3769435
63.73492156
168.8307651
210.4197311
567.0866903
108.0475383
285.2581965
470.8339712
679.1031521
539.8273285
410.1564972
358.6688407
397.4121429
633.3618326
387.6618475
157.0109514
676.3684097
579.5748496
45.07991627
369.8273467
23.58295245
343.2852942
639.9317618
356.2050667
576.4430717
211.9060964
158.5190791
338.9654172
402.3044967
245.9480075
485.4327162
50.34160084
633.8228038
598.1491979
390.3421957
139.060191
505.7218652
599.1205939
487.9571337
20.2460656
268.1093688
351.3989769
76.75023419
395.7949688
38.62186513
137.1158588
53.44065544
597.1321766
84.12310794
238.9683164
675.897981
217.8477416
664.9885338
57.88674114
54.25528198
619.4033567
325.1795386
347.6816235
218.0004596
645.3015872
576.8999174
482.7560557
209.9004146
456.1028345
533.2542696
534.8236411
466.3047182
450.2836253
176.2535887
23.68808335
678.1150815
189.2003172
387.3009934
604.6965126
285.4367994
650.0768683
15.27630174
684.5308893
133.3995452
657.4820524
469.4912512
530.4272881
674.4325938
616.853974
377.6663552
639.634846
602.2717901
240.3634039
279.2309061
99.42279565
668.1396637
346.0089614
238.2650916
87.00739864
344.3992271
669.7141053
586.5088984
75.76379435
453.628503
276.3562835
53.82125257
277.2021673
110.414857
88.68127387
651.9424172
644.7729714
502.3584553
553.4239116
442.2311556
459.732286
669.1366011
104.2679478
696.4210157
141.7913124
184.5217046
139.1338204
554.4196737
59.87362562
630.7770155
168.6722488
84.09110974
210.9546473
247.928445
493.0323241
435.9625392
678.2146846
417.8353595
467.5522909
498.8108536
672.3106155
600.3369978
329.7544561
15.12675445
256.282498
464.4515563
466.9049594
81.04224263
75.04467166
125.1357027
557.0935045
545.0470025
685.3445007
8.570133094
213.4129497
297.1065237
151.9021712
352.1040109
138.980344
50.01937486
532.2756639
330.1075119
203.5225492
194.0948597
603.3319656
40.58652691
385.7640875
158.9599268
348.2855741
364.8957289
82.98922233
178.401913
651.4502524
299.5918689
610.7812145
305.6500107
293.63004
59.03480555
394.3680142
87.03099541
544.0524453
678.800007
167.722093
343.0300739
349.5803274
648.5272633
340.243291
535.3929779
520.9585453
402.499726
652.155026
517.2379914
221.3924989
34.18420862
656.6321022
568.5363435
566.9133772
488.2829808
471.4788284
28.17582992
354.5005262
308.086836
525.4302457
581.7796027
628.4976059
674.6643494
194.3343702
100.8616809
559.7126631
353.0921771
305.411071
269.5641996
361.0257232
257.9023955
437.5626214
152.0016372
72.25848592
211.3915753
513.6019216
68.95196711
676.3089984
154.2092185
321.0772899
597.8645317
172.0967575
282.9315618
302.3393416
225.5525704
383.1162337
468.7881817
597.3898879
166.0697097
596.9992422
107.2047467
532.3390781
358.3712076
548.4540557
258.7661004
529.8643377
211.6076236
580.3896535
503.2365189
331.1081857
41.63230768
51.4414465
475.1648099
87.32671039
340.5845777
308.1170847
509.8097764
293.9513827
94.04198141
208.2315189
589.900527
167.0366897
44.97234138
154.8426495
245.231798
693.8277553
542.3333715
204.9090866
453.1071193
237.4638675
684.469835
4.038322492
435.9868602
124.2539868
654.7346848
527.8283645
542.653322
605.4854108
135.9171744
241.8312151
320.6475804
401.377521
246.8189349
515.262113
282.9500693
640.9583806
652.4334401
456.0884655
296.6462889
375.7353437
497.1788259
659.5897906
234.2573203
620.0478136
542.3651105
151.6212948
119.2931995
345.6910718
429.6972572
24.07607703
269.6731607
286.7881227
251.4170838
69.47057449
39.91089442
375.5487272
292.5375411
495.418755
82.76905148
346.1158025
463.1240368
163.6326256
124.1930972
689.0906394
222.1119936
178.3774065
336.4444373
182.3664246
8.816303077
517.2257403
560.1610718
73.46902154
51.04720743
456.9294525
660.9313157
353.6272797
582.6842216
103.4125254
337.3808991
350.0948436
342.9130467
19.24025788
448.7349281
94.94981386
374.3921921
223.0002377
420.5182839
289.065694
566.184927
314.12348
308.376403
154.0281239
420.591735
242.8032134
308.3212866
340.3086419
287.1760952
198.8807647
363.8451073
462.3115886
139.505726
134.9872463
653.3396407
477.4135104
560.9026916
303.4440535
15.68411764
513.805649
692.233852
373.3374477
211.8877202
693.3757698
590.4798365
465.4212341
188.5839546
458.0600176
0.210278524
674.4680687
627.047049
689.7708194
340.9186212
593.5159917
263.8328121
427.695162
582.3336975
178.2041515
57.86651021
421.2172886
602.3257248
115.2691311
177.9574719
346.7917738
650.2798135
53.99112737
458.8262618
136.901553
106.7510772
436.7088964
106.7893496
528.2701662
626.0903604
272.6753092
111.3019291
676.1266733
17.90504871
269.9127811
261.3129497
22.49119163
331.8460971
487.3069328
508.3330426
264.0227523
436.9140037
348.0750861
473.5892582
567.9075939
607.6079564
635.7921364
601.6501427
441.1469449
653.2574371
367.423602
660.599087
20.73546313
271.7450861
443.9235309
554.7810741
78.81581921
79.44625725
163.8928525
564.0976601
230.6295787
287.9253986
339.0754352
289.2906827
595.7485302
236.3875268
585.6812212
107.8898505
548.8976097
426.0930805
250.4348764
224.3810836
555.5690873
598.7300875
656.9234102
387.4358893
214.9748902
191.2010828
108.7471692
108.5602168
246.7875934
61.76561871
213.8294861
281.8587376
422.1240194
133.0917449
314.7595386
194.5855142
337.3457669
85.86415866
699.0619877
82.93686347
93.4599021
313.4075953
539.1174995
402.2806043
625.5327212
51.36016777
355.1261152
134.6122994
635.0715914
147.5415343
263.0294271
199.0047068
160.8464536
417.5352973
532.4511792
675.4247485
569.4112615
677.0472276
686.4970903
395.4922843
679.6234628
255.5151707
661.6668162
299.9386186
100.547394
168.5142025
289.5463772
269.0638372
45.01583468
204.8287079
650.8652053
186.8143637
107.1630332
72.34886072
652.8178164
239.1612062
17.80904058
297.4322742
406.5399327
149.3959159
552.8009888
229.4692499
45.70688402
157.7985602
176.2073644
214.2427887
267.3692161
61.70131854
360.8110741
83.9844648
185.3549392
413.4770598
216.3204116
7.088997512
335.3830068
283.3282658
54.86015823
129.5129461
140.2878123
555.494438
659.4504842
650.5593203
378.7743638
87.51057684
693.6689812
338.3072252
653.7240016
305.3408413
26.59895512
363.4341078
535.3242619
212.3561812
596.8307464
391.5866607
135.407289
89.23826141
389.2545246
450.4572945
413.2925759
183.5292601
537.4362821
35.17296687
65.57795394
387.9438155
498.2251089
511.530022
130.204764
597.1472391
228.4643119
662.3734499
479.0825458
343.9414762
6.450703237
136.6458521
144.1856892
297.6219584
318.0554401
363.1939719
619.4574223
390.6325566
38.9646932
677.8085616
393.7305018
120.6088072
434.0558848
409.3335203
98.1568299
374.8015739
395.3972883
2.56255303
536.6741202
694.6001917
184.4674402
221.6275039
534.6599641
116.0705201
521.6410821
97.32030922
216.7681287
107.3627563
121.3178087
84.31170632
224.1385938
83.93981148
19.00339515
154.3226113
183.4000814
43.6589961
569.991433
73.89361304
156.592854
111.7839725
264.8829989
325.3026082
699.6026416
118.8456317
632.4062499
634.5043606
699.4132562
91.65049674
533.5605697
361.3165881
478.756354
614.2211143
517.6416416
103.7004635
65.35106378
478.8430479
38.3081861
375.4860068
74.78052406
407.953533
688.7167642
355.8282974
42.59652379
323.0538332
118.8165831
668.0539561
569.3715121
30.86438908
492.9682638
129.2717711
437.225203
438.7771341
162.1256234
698.1790183
670.7151752
435.8641386
209.1414939
48.31509732
51.27752522
421.7664806
240.5647317
14.58663337
387.2237857
316.1472939
689.7167143
333.5306493
557.0785588
508.2035016
278.4348106
261.3725805
203.1273308
627.9385707
565.0097928
221.7147226
0.678556908
324.5918391
606.47221
9.731402123
189.5280064
300.3961353
678.3214089
264.5547441
441.9056206
547.7742446
615.1139358
72.48695329
364.6507356
315.8415566
326.8769321
516.995463
179.0789352
538.1452576
590.1008719
482.6008402
607.9131924
188.4553712
303.9452566
68.63465967
530.8128472
131.5932151
101.8884479
231.183986
677.4626463
528.4859938
305.7880553
554.0850181
112.7060847
237.8145495
263.4622052
581.6218073
590.0645642
595.7325828
602.7113643
163.0309503
336.3419062
646.8228535
190.7718188
334.4855817
454.7415472
589.8225514
149.4751785
562.967596
194.5757316
251.3821625
619.4136331
534.1798587
543.9452819
677.4593374
477.6627828
394.586662
339.0310883
494.7511291
593.8793342
662.4982937
590.1371894
86.79940263
189.3070228
30.90767365
566.0591468
620.7639427
160.5517144
408.1098932
601.200114
244.9222987
20.24036801
197.8548918
229.5329675
211.2930496
585.6990939
152.7835048
172.9784933
569.556776
367.6087768
202.0651107
366.9034506
672.7317531
41.27262638
511.0421805
506.4882865
169.9718679
492.9185338
602.1775131
254.8580114
162.0727111
281.6962383
246.5433855
477.0028847
624.0230151
140.8735597
67.96042371
612.5180315
11.39030527
291.2598055
292.4155455
206.7265743
366.6320828
349.5663423
343.1718913
493.4466409
80.24951475
200.6766699
207.5800611
330.6495253
532.5747237
660.266601
209.8762072
383.10231
38.21167359
589.0146983
141.4740384
109.799448
450.7915191
526.171978
172.6113502
397.2082454
495.9100848
197.2796685
320.8293825
467.1937314
518.441835
611.5587533
289.2079081
75.95621464
617.5081106
408.3851106
41.17450418
9.759719174
233.1769003
104.3167542
300.5904474
13.86286707
615.3565323
525.6238641
229.5053216
528.7130303
92.02078982
122.2352317
123.6947067
234.6287596
28.35433943
560.2272756
100.8452422
481.1904363
78.0209254
529.7252349
284.555989
88.29497577
102.3863608
646.8979331
400.0605015
375.4859598
244.9009952
78.0408284
376.5114596
345.8452151
588.4865169
295.560346
647.6537581
396.4046489
198.1518239
166.6176138
688.1440979
250.9054668
429.0756758
269.2067507
479.0792645
262.8399385
113.8722415
337.6580001
248.170792
188.6694815
441.1293314
580.446325
276.9667097
602.4369869
140.1383666
379.0876941
304.3190296
493.1995799
137.0013145
133.1806467
21.64141303
476.1753819
441.2498758
309.3263296
165.8675004
90.10238221
260.9318301
518.03157
44.60393173
590.9221808
116.0728619
650.9911959
656.3137314
101.1715475
440.2897171
350.0993505
171.8626776
448.1808402
201.5854376
60.32438812
657.0990049
118.1803677
131.1568452
472.6862853
665.4610477
476.6568457
16.65921175
28.7191743
268.2162087
695.9828478
431.0781749
556.734055
641.8211875
514.0946675
556.8227282
176.4588449
595.4090853
665.0387667
173.3847059
670.3712271
664.2729122
379.8405924
382.3424206
529.2221362
108.3923824
648.2991887
126.7238869
672.4652349
225.5209743
263.5436851
516.8017323
420.4662732
265.8656835
616.8446783
37.68712258
45.76595784
116.9463901
507.51916
295.9602398
266.9368876
416.6287807
441.185623
452.8295215
68.13865535
302.9325391
630.1479411
658.9092448
523.6795713
349.6510779
0.753829272
302.8829986
86.11414414
551.3430629
81.47342202
39.08386781
60.67994367
500.0802036
369.6792087
363.803668
64.82194742
142.1437753
172.7928269
64.77137686
611.2767981
218.7222798
218.2184433
521.5445522
690.5884993
157.5723124
601.1140226
171.243425
264.383727
285.2703192
429.1282041
146.3375461
664.6702666
506.8938708
662.4381401
328.6565544
641.9122565
383.1379221
619.95052
311.4079307
227.4669467
110.0155477
166.9843697
279.4025596
468.6046392
228.4297293
614.5859584
393.1801222
286.9887239
211.6181921
603.6131587
614.3598696
84.94755555
529.570756
235.711194
230.5347392
125.313842
612.82449
169.2109714
304.4341774
203.8841457
610.1240233
375.658069
102.1005368
67.56231762
616.9711881
149.5919732
690.8703406
120.3089558
320.0969047
297.5923037
264.2786905
491.0987563
175.9368593
209.4272032
242.3802392
661.5523627
537.6834426
36.32415417
295.1206005
427.3912642
429.1003373
225.7909789
184.6749293
541.3841254
492.0681076
0.715556202
161.0219149
255.6082883
292.1335903
475.8935665
184.143814
261.650565
123.9202455
479.3462891
351.3414617
362.3458955
166.0319872
616.3410999
383.7564255
480.5767945
342.8777038
217.7276304
396.5826748
444.1606572
227.3212687
247.7458622
150.6964375
82.53813683
659.6427912
140.3346253
578.2053228
281.624299
90.38344826
150.3320925
262.556603
495.5485186
674.2393228
233.2828199
318.3460806
639.31136
339.0061038
376.1852223
487.4155237
567.1138947
671.2756185
309.0643606
138.6339668
206.6174808
192.3549995
207.1367306
541.3871548
326.3420709
403.4075665
276.2506638
156.9791429
507.6726701
315.2707951
560.7089474
369.6003108
390.6969739
81.89004612
79.74580241
497.556758
383.9755882
535.3622274
348.5790957
186.0839803
180.5848148
86.39238946
5.78940471
438.9431263
326.1459778
306.9617584
439.4083026
159.1275692
654.6689155
668.2488758
558.9458346
380.9545949
76.6952368
531.4886819
619.5941095
457.4961767
175.0022187
27.42485239
0.086876014
142.3169601
41.84534041
176.2668092
87.54943733
402.0616861
0.50473542
660.8411466
392.7514093
689.6846643
454.9144432
199.4553947
385.4787838
132.3492782
651.7203242
304.3205303
314.2799931
576.9237004
404.2122527
491.1828104
629.5811388
340.7905686
598.14604
366.5515971
209.0071984
621.5614012
24.96725736
691.9863867
194.1109784
537.6867998
250.4471363
28.33599148
259.4673988
192.5168627
175.8111392
272.6578325
446.9650864
208.4542265
439.4790668
23.36003037
239.8511455
126.6207972
697.7980605
61.50916394
266.8351011
277.1100501
66.99408334
53.43617022
313.995847
111.6496836
582.596572
239.5060894
585.4412833
17.81088508
184.9787691
496.3816152
52.58254643
200.706748
145.0072945
574.8215982
290.0251463
114.493573
41.82259999
384.0399852
515.9927279
151.8494393
286.1860116
695.6993394
386.2887853
436.4496657
255.8186585
589.4248006
417.6873148
66.60316106
267.2175078
143.328062
539.2485604
654.1943903
206.9690026
383.3259423
50.57854646
393.1547266
689.2286948
438.7936338
543.2312474
401.6257011
186.2756056
398.45365
75.36740889
492.9698667
647.9486685
418.9306184
384.7931604
77.58632832
86.14893866
656.9203894
119.0488094
66.95388045
484.2412167
367.6292948
356.4750617
624.4657866
608.9323944
165.0591297
327.4269361
123.4736613
488.140605
147.3984148
171.2749944
315.912548
205.3524161
115.9365888
146.0108302
527.1479907
422.0321291
484.5548993
510.2997858
388.778993
474.423647
593.8834669
5.594493176
418.2040704
177.709522
410.7894892
390.6119428
275.0829397
130.2096935
503.8622726
620.6134099
239.497571
350.9783652
1.310466461
219.1373027
579.0238384
692.8044612
456.0908518
274.013906
696.0904033
151.8635966
179.2209679
69.68421386
316.3232152
156.9560288
497.4183879
270.1342807
494.8671769
306.2256003
309.1927633
66.39043071
610.3229972
581.9775291
27.49667098
568.9422605
369.0937206
643.6694559
329.9282419
360.4853864
513.1242725
674.9960371
27.74828383
524.9229409
393.2613782
383.1305246
2.783933197
382.2723202
59.4929685
36.47048281
157.3302498
89.96935529
84.94835808
278.4870741
196.7950572
140.3097485
81.10157452
638.3564137
326.556821
325.3131759
151.9295086
486.3866618
460.5879951
549.8330744
329.77732
263.8747776
191.874225
175.384473
274.09419
409.9558507
419.8113965
521.4894737
368.1087753
439.4355344
66.05674419
25.89712394
506.2650541
578.3202615
422.3591162
522.0128143
59.63402765
227.2723353
552.9718492
420.7941967
109.2012684
186.6803743
396.5121938
204.3950206
453.8395826
492.5091011
649.88182
671.2904289
139.0968438
423.025036
413.2694034
42.70310449
539.6225389
32.06994937
354.8071161
163.0099687
522.6239649
598.5807549
306.2018356
522.2574434
489.8507841
612.1828442
438.6835038
495.7503915
501.9346323
679.5113541
686.4903792
265.003799
499.8930836
230.7008377
311.5428023
123.3332476
163.2774085
79.02085401
644.7667653
430.8707216
68.60565964
179.2755549
456.4442159
604.7659096
316.6795189
353.3467086
129.0321419
163.5959344
48.15854105
289.0279315
72.34404455
243.9135607
528.2151804
58.94707432
438.6737956
107.0063577
607.3203925
470.4457487
340.981614
225.841862
584.2099102
480.2087772
691.0438518
533.5575624
661.4005918
648.3378727
143.4921016
697.8259999
339.9925666
251.0378871
417.7496301
54.34168513
306.5230936
372.1656698
51.94480113
311.2256318
87.43799519
693.6763324
671.8426906
255.0725878
113.8540371
21.27574301
690.0859962
71.46281655
352.6850724
625.195709
405.7847084
46.54162581
296.5450448
648.8066133
487.1281712
218.8291113
524.3048042
182.860792
448.109328
501.0369697
119.4101155
266.5025432
255.8722932
89.96271075
46.66063702
203.6532098
446.6995733
590.2496608
205.45478
88.80660887
483.7297486
136.419988
659.2755282
411.7266983
33.23251691
326.1870588
587.7772342
230.9712325
418.7824194
633.8355011
480.2716956
173.8609636
365.2263928
585.7469279
176.3527892
507.4093294
579.4757918
219.0857286
190.4581338
535.6275868
480.5999483
115.8190173
554.1442803
261.63071
152.4365901
219.6785432
357.2697544
3.666802319
563.9874917
41.81391099
192.6365303
105.273361
355.4004301
36.76596066
50.86332575
486.2549879
473.9054132
342.9318812
629.2785655
501.258191
685.7051655
270.1172136
198.158231
93.32260544
42.33064009
118.7782215
367.1127038
184.868538
12.86506273
449.92413
316.7379096
189.1758069
560.0080931
305.8043973
229.9743109
637.4282264
578.6978363
512.7256913
289.8895701
10.99157675
634.2685117
122.227064
376.9131425
691.2424479
388.8010582
217.3004655
664.9471115
497.4266537
468.8594041
252.4782153
309.7723582
694.1108588
478.1455631
545.1270181
353.5694089
677.3143005
0.690901678
578.6417681
57.27422065
52.72901199
60.11515463
352.869595
62.01609335
587.5358334
492.1983019
57.55455945
25.25523018
73.56963071
547.0363715
133.00247
602.726935
603.5373389
9.122136071
403.5419733
23.39287975
96.80731447
131.1576287
46.52268527
159.945266
510.9938956
120.3093859
173.0387228
9.036468277
655.0515993
144.7088343
571.2883256
445.3847795
204.4366537
104.8314792
251.6505124
54.98351246
300.0381025
520.7691223
366.0103463
226.0671064
329.816965
596.1890604
217.3646848
57.65267504
305.0436343
251.411839
489.7370539
363.9307482
585.8493475
192.0537008
524.0075663
118.8717851
502.3050381
486.0671591
481.2397871
451.0814774
47.90727177
594.5791179
6.056204644
251.3839261
590.185365
273.0359913
417.5727199
539.4982276
150.6791411
444.1737474
446.9222363
489.4526169
697.3398504
186.9498168
684.8049147
51.68283772
364.3500322
126.5298809
698.122481
83.36989312
255.8613572
507.2995384
563.7567096
513.8296906
371.7222889
336.881561
218.180623
67.38219446
375.3549589
86.18700047
443.0120297
232.1211577
53.85434258
346.6683202
77.90756937
192.8549446
385.2073421
238.3869375
341.2556471
193.1828605
390.8252789
228.0600202
93.45677179
363.4152204
542.8613209
145.3408051
284.0729414
135.0399473
288.4044852
189.6570768
139.4223965
333.2259374
380.6707391
517.9291469
29.01096777
584.535621
277.8117823
415.7620157
303.0385927
500.0498853
205.8153263
130.9820841
18.92413789
537.6969766
505.5395436
233.6698238
197.2810809
197.1239676
200.1131169
563.3083685
98.83037146
413.673581
354.7852196
168.4918993
94.91324454
69.32909274
382.0994262
364.8500077
127.382374
188.7702271
584.8854852
83.96946913
578.9274781
680.1025832
121.465489
217.9649383
194.5002872
98.99817439
573.856247
157.0260969
440.8840024
520.0040985
267.2405633
433.5670126
541.7289109
681.0766537
393.6819559
113.8149178
333.3530412
78.97390071
16.98641194
584.4486156
451.1959762
118.3349912
103.8171092
181.2519666
70.03988438
91.72823453
119.6665824
8.006224947
60.76366176
625.8016862
345.1934856
637.4716704
253.420593
284.0078206
88.68673175
599.6312054
185.4962431
499.9942348
286.394719
132.8062388
556.0223793
560.0959964
569.5682405
661.6527452
245.4557046
661.1103145
195.9805363
60.7753046
121.1480681
60.81658776
414.2238295
157.5066136
320.8839262
437.5352271
178.441061
30.97245919
160.4199711
570.7402151
617.9461455
472.848209
153.4605083
284.7836715
183.6575541
222.0623778
226.2033224
431.5316297
598.8561451
654.8502283
653.6612401
476.9485954
297.8421226
616.1930718
251.9914579
128.9637065
46.03355855
334.1588493
33.50685861
354.0356412
662.2196567
473.9456002
653.4221721
396.4330512
685.1452528
467.6308221
261.4444809
408.4752011
104.0738597
283.1566769
603.2340703
191.8219529
106.6627883
136.1386991
505.6324227
361.8414801
370.0044069
687.5522273
426.2698125
465.1105716
505.5285324
648.5023787
238.4893251
86.43872624
230.4011345
253.6925679
147.9978776
159.9979948
248.484977
373.0040423
414.083465
353.9306244
672.4525423
457.1614226
490.5125695
487.7553488
339.606917
153.7536393
221.340035
321.7177772
13.42108047
14.26392936
366.1970504
224.2453421
135.1337508
623.9735736
481.8903012
495.5877916
56.3335644
333.199979
6.423046825
458.7219186
333.9031621
506.5695406
60.10241707
103.4897381
402.6388342
609.2864862
533.5436313
368.2325701
648.5131284
695.4860678
343.5590836
324.1657903
548.6856753
435.2601558
126.7786114
445.2221393
141.1620882
133.1129121
48.51375707
394.5331488
567.8778078
33.33234096
699.2309591
305.5756655
525.1481151
617.7952527
330.7017552
95.05502505
247.5297457
325.2284982
227.8732115
159.0828142
193.9313588
82.86945062
559.7191626
336.0257698
176.3331494
306.8483187
237.4836059
581.4171799
297.1775307
296.9675382
636.2603044
247.0734666
184.1519232
388.3617568
407.4303271
209.0363571
323.4395378
475.1415026
27.74562573
458.9301422
432.7712171
38.93357247
167.6997612
460.3721236
315.9527344
341.891646
361.6741441
653.9066542
172.0024564
575.1062816
474.3733741
422.3640943
640.9095673
380.6735049
173.4322991
83.26977142
257.1146761
95.17873802
388.3070296
453.3445652
92.80233114
652.0003577
55.80197335
347.090103
385.3444743
229.200588
663.8049377
382.9426878
563.0714738
39.37340361
409.5171151
483.63206
179.0406112
572.9515171
243.4483145
317.1337751
7.653341111
673.5834759
306.749465
206.1911062
170.7076721
19.69309121
634.2991723
5.702127974
678.2107635
525.2176918
23.45349507
483.0989453
248.9012922
357.1017955
494.8027893
519.8448616
507.5105517
9.069602346
94.72075205
353.6140809
210.5297994
330.420533
176.1650455
375.3504198
279.4071721
534.9792368
601.2278066
642.4342157
58.53602226
230.8603742
414.0193499
443.6129764
77.8380595
599.4090015
130.5719509
623.6125447
118.2124998
441.6630256
507.6154077
241.3061555
283.2203401
314.1119359
179.5399091
448.4597483
170.9600012
453.936646
531.7155151
325.6209558
324.4317058
540.7036874
316.6301516
348.2246408
104.6058744
48.87154521
185.3096365
95.70047156
501.5241666
83.63863069
36.37370803
640.2840244
465.4023309
673.8870884
316.3981319
271.3719174
121.6354017
510.3260304
544.1759673
178.2494365
322.0987362
98.33415669
453.9267634
406.9521684
423.3329321
267.8827017
178.2129085
52.90659924
512.6778144
388.2390201
207.8643426
252.3136249
170.5225603
127.6957089
99.23291213
110.4390304
121.3168126
534.9458524
268.8640883
140.7228441
157.6171773
176.6989635
316.8501628
69.25361461
148.4100787
190.5934271
362.7159334
41.65307704
661.8209705
151.0554537
524.4171911
151.1224584
563.6190562
424.2835171
6.582780368
102.8637611
346.1742813
304.7105256
23.20337849
76.82963528
367.1205647
672.8186107
310.2689754
277.9525495
166.0614437
635.5651676
26.17334934
203.7893358
696.6396624
643.6147554
300.259521
438.7238281
584.3145088
121.1031486
336.868351
612.7527628
475.7894354
46.05230366
232.4807023
145.0682082
356.6159127
364.0039591
359.1789649
493.5403168
555.2069907
163.2786636
75.31513106
204.4985056
200.8650923
400.9139399
581.0052592
187.5928348
661.3954906
108.8903799
125.8531287
47.20744464
190.9105272
510.1638919
462.5721118
58.86667791
487.6216314
125.2462126
664.2485872
171.1086546
23.93770157
470.0980059
54.13783399
239.3779793
78.6072375
521.939587
670.4473019
74.11399387
313.3005677
357.8395932
681.3954185
162.278911
640.2527379
295.5315236
564.7257929
415.2148153
693.7832737
646.4903786
481.8377029
288.6385747
513.1862363
528.6092769
284.6184266
534.2584163
315.5504192
625.1267612
219.4735456
373.8412772
554.5291539
584.1105032
278.8082049
631.8405804
501.1567709
377.5546867
401.3794814
190.3849628
425.9217832
309.516867
392.0617046
668.7919598
316.3881233
453.6722555
649.3988392
300.2153632
341.1135136
677.9882223
135.9258474
228.3183687
675.968308
361.1994673
379.8757259
221.2418128
347.7199854
304.385945
524.449771
374.2625726
321.1382987
94.81431819
456.2533087
45.09359823
666.8123789
121.486756
320.6923496
28.80466097
357.6316172
85.25573808
52.97518559
450.9317257
633.3050614
56.49546036
374.6928339
160.9177552
259.2625422
280.4096645
248.8427886
513.0184243
379.4448723
59.16924653
563.7998492
361.0492659
466.0156582
285.2790922
143.7766545
94.1095514
367.7479154
486.0268699
494.2284989
287.9755836
498.4571723
690.8424394
580.575665
107.3040489
581.9741731
492.2342401
13.29389379
388.9174838
132.0242579
320.2446581
469.8058407
323.9983481
87.31651238
571.6347579
55.19422175
210.419362
541.5155828
177.6835368
264.4878481
33.86875916
35.67608674
107.3786115
294.3061034
39.55025335
648.8472681
313.7439691
592.5229786
14.11538374
623.2976416
359.2847388
20.07941644
414.4907978
100.4059842
404.5143811
572.2678649
616.0529174
278.022712
290.2910684
370.0538575
643.3931151
34.85999185
251.231999
460.8760105
32.52340732
587.0343496
402.9287814
462.6932582
257.5443697
405.6533378
53.31179574
147.9085438
482.2431746
358.155582
264.9342403
236.1266968
534.9312079
305.0331124
408.3748475
549.1992849
411.4288427
68.47477347
396.2293321
451.4445161
582.8521977
625.0106894
76.59369419
329.2242892
275.3479745
263.0325269
565.7830092
467.0521941
146.857723
192.9176671
504.0414603
42.54167516
365.1955313
396.3970662
393.6086009
342.2515165
353.533778
466.0410731
387.311586
624.870989
68.1126113
282.8729127
232.0980829
331.9205676
340.259269
106.2252467
516.2669787
646.5516617
13.39106387
173.7638742
681.1322031
65.94493395
384.9645569
698.7388682
325.8864065
166.8669049
154.1282819
657.7330538
257.0737538
82.74415111
540.5610256
530.2207658
74.01094895
358.4747108
167.0098728
52.11689922
582.1711603
194.9599273
11.09453755
292.6518471
148.0159407
207.2189295
83.09092406
271.5752897
658.0773918
272.4423842
252.5916339
541.4647663
244.1884009
585.1578165
585.3026775
245.8759981
423.6371234
251.4271471
419.5451998
503.0717475
511.0223215
653.4151426
555.3131487
631.804152
143.166895
174.1365885
15.39994313
388.4143266
49.23312695
92.44433216
311.4260426
404.2086305
554.0846809
692.1194387
107.5770192
20.46019719
479.991037
257.3585676
545.6953076
440.9920296
243.7233141
194.0025677
242.5830806
441.7677376
23.91032761
378.4879293
598.3868425
392.0585808
695.3538605
455.0953497
72.0559657
422.8881325
74.32774199
660.3775881
583.9863111
20.07807575
81.25451323
166.1656728
379.3962811
526.0744731
510.1506548
169.291195
115.4484815
295.6750853
556.1022141
285.9598535
12.21641884
159.9042402
483.4071905
45.56150148
439.1986553
189.0425804
275.3955749
102.2382655
541.0418561
650.4875686
486.1322576
61.95042989
653.2178876
302.4116903
579.5603082
50.9901871
85.40858494
437.4208687
654.8744249
490.0870278
104.8245239
423.1264338
185.8350372
524.3062494
252.2650737
67.67459987
649.7244464
627.3527078
260.8496751
564.7064526
397.2610823
56.7571683
8.980137434
494.7607018
47.07873828
257.6483979
35.68259831
290.5633838
314.1958873
580.977431
247.2351762
150.7288709
202.6483108
31.04104447
115.3561703
276.0704506
533.3085643
660.9623795
274.6517313
677.1415982
238.6253592
195.9391557
660.2064581
414.9566265
212.7280861
37.86950518
177.7543656
432.1479627
388.3995218
288.1349407
137.9514837
40.39392525
278.7886437
387.3681355
225.6488813
685.5353317
326.3937464
435.6798782
310.733014
566.89501
326.006128
412.9850381
508.7310099
122.1565573
186.1725161
248.9409912
324.2265673
21.5706265
165.0461388
105.6155386
683.6018113
553.2685553
332.8616191
22.29143445
645.4165278
436.8181739
674.2734667
229.5551239
290.0345812
372.6639659
169.9919353
567.4507058
602.5189379
72.57837868
158.8755012
275.0441262
75.5292425
617.6357158
18.62731224
340.540676
46.51509029
68.16176031
201.2490097
626.4684399
68.63329869
86.72841613
77.22482109
191.1157162
60.46154434
441.1054608
76.38909715
554.0614661
659.1817791
398.7419221
178.7807329
322.7360188
356.2591632
38.75136106
103.9374457
593.0832606
137.5103804
177.14446
648.3860763
508.8768223
484.0737659
501.6198254
467.1094806
117.8237319
640.0973961
570.7192247
140.4166726
511.8314424
580.4589569
233.3783201
617.1557575
472.8502188
609.1393331
94.29721194
680.8955371
54.71906747
290.7936458
97.57087642
90.6754647
4.053751877
167.7635959
440.7233778
152.341354
354.5326268
381.1197313
639.4092157
225.3890565
320.6841814
517.3111989
361.2143113
560.5710832
348.2868011
167.2565885
251.4517735
15.78831497
72.64297943
507.9201643
339.5902717
74.98180967
384.1423107
120.3224352
137.3513945
233.7216083
385.6710052
199.2739868
172.8786933
139.3605585
215.0699702
211.0318344
25.6276332
356.0920897
48.66904248
67.79845905
54.63883191
308.7481668
564.5885719
376.8782487
399.4919491
208.4280465
405.2423774
362.650302
695.812457
96.69612713
146.597486
666.1087138
272.65272
433.1725723
618.699418
399.0870116
506.0602566
73.93918441
625.8877039
576.2653946
444.7883672
213.2368337
358.1453853
515.3440444
61.98555231
284.8108869
155.7345538
380.3026069
625.5668776
391.1295943
106.14578
428.3582192
641.7703156
367.7286792
451.345776
248.4335683
309.7928393
56.53979396
597.893716
479.0709932
173.83337
385.0894626
455.8565812
673.7952966
286.9980053
178.8340073
346.4046643
413.2595965
55.99055628
442.7528416
678.6047394
95.92612768
31.82421238
278.2833494
128.3237443
117.8630631
393.3148692
646.0626955
604.90018
695.8396987
408.825711
137.7024868
305.4585343
408.9561707
4.798858466
49.56329232
404.6273652
33.74552772
405.1442585
608.8111561
693.8601904
25.75933503
130.883017
541.0882815
623.4536126
377.1126001
545.6058118
400.0393411
227.7686521
227.2088546
345.0675395
675.3581533
170.4902305
693.6681807
620.6095411
264.4101413
64.43011557
324.7124753
383.6026844
590.3856142
465.0521762
566.7610357
78.99205174
388.7987704
4.015638273
14.40764399
164.49538
32.18980059
79.05429322
555.8321331
48.10207708
170.0387408
636.624645
138.4603074
249.4120649
28.48503137
627.1334936
175.3696628
70.48110045
463.4426538
398.7094518
662.0054562
47.80886106
40.83625171
333.6578619
643.8516147
697.8302543
699.6403986
5.042283337
257.0356634
241.0742105
595.7912189
497.3220452
614.9787503
525.356744
456.751795
193.1889681
517.907565
321.2036412
597.7626698
601.6561562
534.0078326
26.35685052
404.5851893
461.7263837
279.9640733
546.0455961
549.162815
349.6828921
446.1289471
305.64353
643.0513342
398.2566147
73.7347152
466.6566221
295.8062131
457.0738076
568.3889592
568.7317855
31.70490582
500.8889102
347.3480852
154.9323098
40.56900439
484.3889968
432.3621237
365.1659528
688.2681485
390.4453102
93.21046252
424.2427568
673.6637275
685.857491
381.4919866
175.6077304
585.4037599
524.1419349
397.8019903
339.9079202
478.7892299
438.0038043
210.9195045
85.51310961
379.5589797
343.7220333
685.6929454
579.1173524
73.86655321
575.0062351
455.8080058
341.3882601
621.9963921
225.4203084
70.2057012
311.6941125
132.3311649
651.8158893
34.79035175
429.3828768
70.86626595
104.2098629
663.7232516
170.7332266
57.69488453
690.0019051
135.1123697
547.5608319
615.3226947
329.8816735
226.3704574
427.7286653
559.8879818
5.247038683
314.2811961
364.5587406
191.3301342
462.8387794
156.1410931
451.1660213
502.4573608
273.9235609
483.5065849
198.9796747
479.406946
599.1882581
549.3294579
542.4049167
678.6794467
640.5347494
453.1210895
67.378734
151.8674653
632.5778014
537.9797183
241.9481666
603.2486301
81.71879944
674.5393317
463.332241
53.5984263
334.3750423
151.4998133
153.2832353
624.6153468
472.7518848
70.63112782
424.0936704
559.1465123
407.1239808
346.3245649
383.4755935
97.94729351
131.7972007
246.3330109
266.7239518
113.9393066
534.4074606
480.2189931
153.2937916
78.26549737
304.9979641
35.66052243
396.8929252
696.6069035
397.2795054
419.900881
571.1924315
562.289661
661.9241224
445.7261751
387.0453158
298.2188015
220.1427638
425.7067524
683.261042
507.9462318
251.7225221
233.3212161
645.8762278
297.3833347
162.4770716
392.3064153
78.13620385
290.1273989
218.5398332
247.0028867
339.9840126
244.0694046
335.0673568
474.8616844
165.4158053
589.7574058
626.5949167
556.2647465
530.310412
502.2334132
679.6690862
328.6925203
493.5184891
309.3656973
603.2870638
133.9289457
592.1362291
392.996871
295.5333093
197.1907319
460.317387
688.7652469
690.5558213
524.7999668
141.5125193
375.1517045
58.09393132
418.8659523
674.2438673
628.263386
172.0238312
170.6305797
535.0005944
252.7792383
557.1933888
583.4688848
325.870051
434.4337362
510.6548969
450.1892016
157.2495281
165.5102563
31.86874982
417.0611084
255.2006229
384.0995522
251.6980963
319.9425472
372.0390005
618.2657923
453.2007448
544.4421293
177.0068672
410.4542816
71.67907158
35.17944086
494.1737305
519.4248703
8.52664216
217.7178627
389.2230259
392.4454708
673.6075448
643.6803479
234.4941245
321.6850274
516.6116114
348.2511872
114.5119291
214.1572087
2.297111133
658.9215411
644.4466067
192.2470963
579.5579458
74.61456943
120.9956711
203.1324989
153.5125258
273.1939282
358.1355656
145.6996068
38.99806822
255.8946217
82.35735004
496.5616418
455.4751499
54.4527218
36.74435429
257.5829741
548.537282
232.5633368
98.77342619
207.9178164
599.8444562
65.87277796
371.6573872
172.7671079
179.9128999
263.6741433
355.5252171
597.1216447
120.3111828
687.7606793
136.629992
84.9521775
282.2261349
698.8699833
646.2494966
289.7118771
54.5657033
295.2487452
99.86386011
432.168221
618.0334761
666.29526
251.250168
443.8491833
316.0338383
233.0750718
596.2257037
413.0463718
326.9577174
263.3509177
228.5589657
453.5774419
319.4362023
311.7760729
65.15170476
466.3617122
385.507549
309.7961838
125.8161543
168.1156725
542.2908448
249.9316824
64.14849891
681.5627772
644.5515024
336.893454
220.5431756
455.3592827
238.1744366
553.2705299
208.9231306
604.5372046
597.2901608
532.734238
221.6373306
520.5580339
298.1267302
594.9017128
90.34506719
476.5246347
26.67279204
580.7577836
511.1799506
245.2095439
158.7869052
588.701766
283.4494262
105.6314825
269.4214199
123.9335704
474.9789705
578.0244662
34.60034839
429.7826139
303.2985544
329.1286485
624.3475174
223.6932994
51.05624773
354.8322998
472.0285313
437.4184341
218.7400017
457.6471719
513.8205501
71.12066162
55.24548398
502.1332314
626.7699428
68.24807281
284.644942
399.6621816
96.93955138
546.0240611
206.8676831
466.3263781
508.717401
191.7357505
189.0155633
162.3118943
22.88185855
291.8626069
375.8217546
190.5075639
667.1284737
576.8469345
384.5001359
455.6351019
295.0231838
447.9762982
246.7233193
209.9403009
245.2623686
230.716463
468.7313497
53.14182709
359.5979267
230.2645096
314.2118045
206.8407651
143.8958432
329.8262876
270.0601514
461.5236977
553.0651187
480.6090102
197.1413346
439.5657834
569.0659287
288.0047927
25.50630389
458.1114008
336.605415
6.374691543
383.7082882
393.6006727
395.8432638
226.5916862
339.8087452
183.1373705
474.0865769
133.8578304
534.2293646
618.8800041
421.3217531
376.8635285
251.0617907
416.4021664
290.3436224
225.9490094
488.0977245
240.2694085
263.6791321
377.3816708
364.2735577
473.2339959
387.2273666
541.5587221
206.4017652
236.9225981
565.1619233
405.0218063
564.9606762
578.1148199
253.0365977
232.041573
597.1402139
548.362975
565.8982493
208.5962037
326.9465023
135.9794222
211.9616896
495.0497121
437.7031766
604.4977882
689.3198243
105.7389894
437.8062233
90.20081918
292.6733312
87.33158446
283.9419354
496.6684523
506.6940632
382.7845828
392.5442914
397.1803469
347.1942381
685.8354269
326.2242934
34.89653943
452.5950076
140.0172577
6.049016236
151.4011164
140.5681992
488.0823629
23.58940728
331.4331826
31.60578618
625.3956501
47.61346363
643.7987635
112.6624212
481.4984484
59.66701254
305.8373658
417.4337458
77.60911806
76.49385369
603.3066271
455.9807561
26.31916634
280.6068304
294.9346971
385.5232353
135.3571237
314.5132748
521.3379056
469.1494576
534.1474936
552.3867447
204.9032726
590.5757897
331.5978492
222.767514
252.0979234
554.6756604
227.6669164
689.8736008
606.9603787
454.371841
120.548939
492.1281618
111.8304205
586.7948224
618.9449506
351.7488
217.3329533
483.8194014
74.29658057
77.74991859
513.2539797
506.9187845
473.105939
216.9118796
108.4606707
359.1687559
387.4540448
338.0840429
76.91059913
350.2505646
50.94300678
526.8110258
554.6952956
624.7016615
308.1083644
584.8238697
361.0874822
310.324007
466.9689441
600.8468045
226.6629507
630.6190147
129.1977202
316.8321067
34.04769656
493.2212885
88.42437665
573.734311
503.530976
549.6019421
67.52808673
246.1487603
257.7466184
616.5389195
565.0066111
352.8760974
297.48837
329.507291
93.95812635
386.1310626
427.1104397
321.6058052
94.41031551
250.1936173
423.3779663
685.6403915
543.2457639
298.6980378
661.7271322
83.39716161
264.872314
648.3372663
320.785547
393.3810292
207.5626971
49.22567895
152.5497116
86.58179008
165.1970771
428.1428556
121.5221294
280.6802451
630.7903976
472.8491509
244.9111489
313.4978249
686.9511165
244.2392582
544.2327359
14.48676871
596.4425517
681.8886668
15.21140756
415.6201664
659.2944341
139.7988187
465.4073266
314.9375188
215.2867494
403.5040354
529.7138649
167.2052857
236.3431422
661.2072395
583.2244748
343.645518
120.1218412
282.492493
495.9538435
497.4725078
688.0734076
161.9472118
253.901216
306.2297915
304.3432694
571.6998674
309.2547945
245.4163523
119.515183
658.3832299
564.7416299
649.8294611
189.2362078
665.9434884
38.55076974
286.7311838
384.283278
486.6458391
490.2363529
389.8470362
563.8600953
670.5709354
665.8986038
93.21355495
677.3866849
525.7732918
584.1687538
574.9071516
565.8275029
660.1109916
252.9522375
463.611941
285.8179201
528.4464233
378.1106744
84.51892554
350.1485798
585.2738364
92.44657538
250.7979662
306.771339
242.289156
73.26050319
59.65474707
198.4721251
366.4776779
156.5601734
121.0023267
399.7637739
306.5350132
410.711211
184.1370103
384.0506959
106.03121
662.0261412
42.1802926
532.8921495
192.5232993
443.5233287
665.6643138
76.18439503
534.6776098
164.0897001
596.5913448
6.808408014
280.7265895
446.5823619
310.027674
303.5223925
145.6534048
2.692187041
319.3175691
694.5957246
320.1060047
637.6014547
262.5571812
209.8000009
356.8170332
680.3508346
357.1608831
648.9054509
614.3889555
139.9722829
384.6179474
281.9620189
201.7021049
358.4063598
290.5238444
214.9868088
232.9758289
19.66692991
521.3260595
477.1887099
484.3258711
661.8825276
89.84708058
689.9736172
464.5414737
14.18162092
484.5886325
266.874701
75.38558977
504.5379932
558.3484111
262.5143616
672.6288657
677.9821937
220.2202862
167.7416854
151.4991351
494.646123
181.9614139
652.7222648
43.42551467
216.6400194
287.4033413
569.9986834
228.7221531
480.2985993
612.1801884
490.093803
349.8058825
15.12342039
69.58372467
659.8115718
233.1077598
332.0635764
276.9464204
678.352505
316.5831798
230.8335825
224.8799525
147.3200499
551.6088359
342.6661907
632.3562722
135.8089813
123.433868
334.6567405
572.9298804
498.7793574
187.4208186
175.9270399
292.4122117
144.645066
240.6888518
144.9932763
556.8912256
2.363275393
658.6216561
250.0987979
216.0085335
200.4825355
323.2463922
63.50428272
638.2872141
547.7656496
364.583147
389.4328071
230.4501769
166.3891155
169.8750651
150.4507912
319.5077418
445.183121
174.1368774
106.2182732
149.1971618
628.3187827
577.4040212
548.7563428
213.1035797
50.29208194
599.2030589
403.1473101
19.66497365
588.7781574
458.4736444
504.6545399
222.305746
644.3216938
337.6656362
218.5467756
389.8919821
210.8115636
496.5342036
267.928805
397.4659188
108.4307441
101.6181576
240.3017369
332.531652
133.5666783
644.7310488
13.37901122
489.4089564
360.4303527
31.09806805
133.8362866
96.17422529
446.9126602
592.238255
313.6763339
335.2919486
45.14676447
365.3443569
507.2716695
413.0771305
144.2421427
612.9079709
555.5988352
428.0514815
435.0904834
88.90014242
66.06259554
398.4280074
619.445638
495.6646481
365.3393211
391.9412531
681.5303226
543.1754613
622.2688868
285.268292
156.5347073
488.8185732
187.0979966
468.8047394
690.1748883
184.548669
432.1706404
241.4565736
457.9852478
646.0438119
195.9255402
271.8603692
50.2923904
199.3457481
41.23344354
401.3886937
233.6784776
73.11554466
674.3635249
331.4804839
153.1577222
434.2507578
274.0241525
522.3009772
694.4890182
464.8982526
687.1063278
599.434122
660.8905914
239.1801249
587.1048057
568.7845184
230.1975819
519.2915267
280.9392314
531.5256855
227.3375228
45.23892491
684.38312
174.4688996
254.5826123
367.2979094
669.2358166
259.3066013
348.793248
634.9168043
4.427539986
540.340175
625.6269834
40.4757646
333.4119509
522.6428828
288.3759067
386.8321762
3.400239939
475.0009784
421.756544
186.379445
79.38598288
135.7369306
267.7619624
266.2575587
623.4247922
560.4301281
54.2872745
91.29298754
412.9337244
384.4013959
125.8863925
626.3117893
421.0399041
200.4032848
633.1706338
170.7001703
661.6932723
520.9410872
596.4838047
380.8609508
167.0279124
481.2093503
526.9489112
691.2306341
437.9674754
64.43428315
664.2579006
244.6634978
41.75131621
361.4333361
288.8198773
114.0773209
91.13980749
247.9403295
441.1731199
104.2918278
103.9421151
224.4804011
538.2586442
240.0919158
163.2687124
465.4341814
672.2491733
683.4578476
75.68145229
657.2219452
377.1493733
218.2583938
479.9843167
573.9100097
202.969097
42.25308098
526.1696357
585.6493611
385.4928544
137.6392433
185.6019481
436.3702756
325.6971343
321.8798135
26.22323925
165.477436
638.0560659
270.407313
357.580134
148.2547593
690.0275723
217.3622837
215.6655347
206.6742473
311.0812055
487.506005
125.277287
492.3928415
269.0199396
549.4017072
387.4773299
502.2624898
97.43932925
108.2644527
697.0723161
189.9859486
37.94439418
606.5171125
244.6753552
529.6987177
659.8534325
679.811152
199.2010102
604.5220822
383.3078318
124.07962
652.9019851
254.0853295
561.1356127
236.4166797
411.7463102
328.9995895
373.0112377
686.3597751
626.1912144
236.287426
167.1959455
445.0922763
539.5888853
76.84964537
195.4788729
363.2674716
636.6031871
60.62384784
99.91388
475.7439602
372.9620422
159.2299912
682.0968305
594.0089649
653.7271831
469.9137094
319.2043688
436.8904884
182.8456028
527.3132166
250.9320385
267.3494284
26.05920483
608.6461882
579.9699515
218.0099953
281.9776492
234.3622681
360.6785274
102.8168596
699.458744
257.8262376
236.4679031
228.1424517
430.1371738
77.98264859
379.2181964
405.6645581
147.1899943
368.0247377
370.0823181
283.1290657
229.3863912
344.9552143
519.6795757
94.94626001
274.7613756
322.5023869
407.815738
223.6334926
444.2329226
14.61071447
405.3470874
320.4482031
111.7220426
478.231513
564.8447092
656.3182429
627.2233931
385.3479211
540.2564481
526.3327895
581.0351989
597.9943765
663.1487466
162.7539621
306.4775021
393.4307723
596.1846689
36.8834594
510.8378376
304.7626542
332.2489519
276.0785558
496.1708977
55.04699031
248.310772
674.6258089
239.3051997
172.156856
372.6921441
22.11575247
292.651635
173.5864786
412.9755888
547.5169175
497.0623285
144.2386789
610.9860476
693.2299438
396.1774265
104.8610617
629.4572622
413.3759247
579.5492102
560.3920633
411.8546059
328.7968443
249.9761424
618.05091
53.14752649
533.7150184
522.664953
447.4003832
618.7444987
656.5765438
263.000958
188.2180755
26.21523629
20.09159612
138.845279
260.127764
399.861613
584.7579776
12.94414991
31.56952913
131.7046053
361.84131
515.4284836
434.081379
669.8436978
101.7403393
423.1661271
348.3294221
335.5171019
626.6874807
374.5512362
468.4971886
465.6659617
203.2652801
27.72455406
348.258073
549.0775083
214.631435
287.5467242
376.5093725
111.3393429
69.19872226
3.836921524
239.1651105
665.1290136
452.7904676
499.9992609
590.5487646
323.20702
534.1771324
169.0562133
158.7236589
120.2615856
436.238116
401.1191438
359.9283289
161.5408908
403.9303801
338.7978368
85.08115297
349.3677986
322.0946784
626.4626317
208.7891114
448.9414316
347.570258
285.4404339
269.418868
517.949161
359.5948943
213.0092962
612.3368882
499.6517887
458.5817135
29.53240578
584.8550876
582.4702018
415.9239621
126.4848615
519.8715405
312.5165081
154.7176145
139.9517422
77.69602121
136.0959354
135.4807968
32.67088591
282.3485708
592.101708
152.6726918
34.26355966
289.7936951
321.4751385
83.02358747
490.5805582
407.895582
691.1882992
326.4468314
79.69937162
508.2827556
600.9591039
533.7856987
187.7086966
447.7844268
501.4611888
185.1875999
502.320979
199.5278738
448.0146781
314.518132
669.3804774
416.253596
500.2936342
408.119408
236.1656898
480.3447627
232.7070989
277.8283135
489.1899261
211.1715787
14.40894269
246.7061055
44.21173185
187.0205164
382.6033597
504.5352677
287.8430692
680.8518225
104.6038078
323.8116304
50.97203371
297.1428655
46.48103614
99.98113017
476.8553153
301.2715988
131.0969421
202.8287469
346.8366771
114.3853912
477.0553198
660.4701134
685.0227927
56.43202343
48.40685621
575.0532737
32.2609787
614.9250644
73.0367645
196.5670164
328.5567558
175.3249461
58.61875771
158.0420934
480.0129305
637.3759697
405.2798731
139.5611732
465.6476733
569.8190812
652.7770595
568.6351137
143.1227097
675.9563882
629.2126507
424.6313204
10.61471098
181.4783001
455.4629099
317.5823538
606.8056599
223.2989901
273.7568689
456.1558709
2.626058102
24.39748837
508.677494
516.3831637
643.491782
411.1612032
588.6963619
209.132253
305.8198159
638.015276
259.2622598
608.2314092
125.9981682
365.3051647
654.7921488
80.5497076
328.1524077
522.6324905
111.7185775
317.0780064
620.7659189
204.8972291
229.8893816
203.9138454
613.2171989
337.9901902
324.7505353
364.9028828
195.8467246
28.06879791
523.4898864
205.7917469
392.9823298
113.2474777
568.2080952
220.7649384
86.71923334
659.8123036
384.2138465
567.2370295
169.2169531
339.933807
382.0339899
11.06084141
217.5518615
440.3506958
560.7141768
435.0747966
251.9832149
245.5172431
130.1531221
576.1586253
189.0170509
107.2231246
644.921526
188.8784311
408.2169593
366.3242103
281.6644967
666.2462471
422.6802984
36.18916295
629.6197663
533.0205835
368.2422809
556.4890908
441.1623359
618.9106375
120.8849379
117.1407686
647.1986173
175.5394453
626.5434349
280.9653904
351.4838154
566.2819811
5.983855967
626.5765406
284.8869484
149.3986196
204.1278693
450.4529278
281.6264763
467.5293671
531.8700468
40.42616041
598.0043676
48.09299761
253.6598104
390.9778647
0.569733301
260.8875635
168.8986749
343.0909906
414.4510989
55.82736034
599.2440621
162.1758933
432.2901726
213.1121496
238.4817351
246.6822852
40.01092659
584.4995799
237.6993703
579.5020509
318.523535
151.544863
228.4141694
401.94145
186.1396201
90.66681152
646.0767954
228.3444633
632.8677719
570.6290286
323.522374
657.4427274
437.9011493
289.3981645
661.3577014
148.7886147
463.7103809
118.0188753
439.219651
340.2168665
641.5153245
273.5223613
520.0018674
348.2174493
460.0569497
697.1169165
633.6335724
330.4319591
485.7189282
295.2239622
65.34649062
486.0619231
257.8936903
218.1714504
539.155187
624.6927997
322.0510234
502.7842717
443.667531
95.28027776
574.4632883
596.7416569
304.043094
232.7472319
541.2919014
309.549547
262.4297214
8.257108572
601.5082987
22.98099269
114.5010569
67.20301414
183.0412136
223.7264146
592.5482483
454.6848194
43.54323165
614.4892513
504.6146884
158.2134207
302.520009
286.7610371
536.0831025
501.4367975
373.7749501
250.7053144
550.745583
581.8029613
321.3457199
659.0746066
373.3698984
571.221002
348.4409161
209.3992534
286.0878335
93.96099663
483.4628897
163.6445345
269.9654327
4.082848132
152.6342088
231.5386486
576.6278415
355.4485092
213.1747191
614.0629381
549.3753071
476.6561663
655.8631587
57.95881868
229.9773657
135.0512295
326.4921537
22.51164598
376.4111632
185.6129291
462.7412485
558.3641419
231.7194672
26.76315971
584.0515047
681.0587036
340.7327788
420.9865952
198.8152462
130.2710552
68.73943108
554.4925256
377.4386635
159.3683069
651.5917437
174.6763197
524.2307159
648.7043528
1.444986407
232.5674721
587.6491446
266.1896881
673.5513301
332.3797879
197.269664
474.7825837
529.9344526
481.2031863
199.7021514
185.3192676
473.983966
184.1275803
233.9020972
53.80357111
15.21273525
661.5581894
585.580556
205.5650376
273.7114139
267.0553909
373.0174107
449.6225591
155.8202018
501.0227711
223.8611078
255.5179601
310.5817488
321.9299434
516.4033679
64.55080511
679.3268353
78.19766264
265.7581321
112.5896122
120.4263677
182.389302
494.2092678
294.6044065
635.6549975
218.8007749
83.50077381
509.5229186
158.4078152
617.0466828
516.6494345
148.0906571
228.9416377
204.1387782
693.4730401
334.5698383
667.3958559
51.44226573
526.0015971
78.89818508
198.6510018
95.4774779
624.4318472
469.5650113
493.8603948
137.7977247
598.0626624
699.7151807
4.833476403
299.1687233
107.3769778
681.7912779
500.0960361
257.7838687
696.3250923
580.2178478
238.5222126
518.6849378
299.0847701
634.4981066
528.4133562
324.7604984
379.766504
374.3261604
472.8575422
515.3921835
553.4445369
168.2440842
659.5778004
625.7984901
489.7256329
229.0359955
222.0380406
525.7566237
51.82907451
128.6186009
260.8338162
304.6447208
387.094721
138.4233286
323.71621
24.16447698
244.7377768
262.2202373
449.0246445
207.1961952
424.8348726
451.619166
507.6645343
331.2604478
171.4460835
434.3436832
107.9438419
36.63560014
470.21245
406.8662473
72.63434399
9.384382136
166.1093807
208.8093227
43.48410892
594.1349808
674.4677293
515.4851846
343.5372098
122.3985841
336.8509824
322.7372582
27.69556888
613.5162254
215.7819663
25.21889922
675.8263837
438.1865641
661.514794
510.6942575
466.545904
172.5407981
65.09868195
141.1894662
442.4237169
362.652668
230.021506
239.2513498
7.787421915
651.4398167
637.5887649
505.3845722
531.4076615
656.1805332
103.5843557
437.4219697
137.9199853
673.5945801
210.3207081
571.1457982
590.7202753
0.86086605
208.9843498
691.0825487
91.02558637
154.6779819
341.0549973
145.5042857
293.4118791
99.81837263
458.2958539
547.9128415
392.6158716
575.9035207
254.8893142
448.8761969
341.5351595
143.439714
265.9531702
509.6215696
307.7617018
339.0445939
195.8153652
238.8431444
495.8492052
159.0049427
177.6498496
448.6268518
672.9770706
6.819361999
532.5984096
271.0429613
476.5868268
415.563724
193.7705003
165.9999607
578.8963987
93.08348622
437.8360487
302.2757908
500.1578394
200.9342409
451.7891805
219.706633
644.9736038
539.2057841
434.9577173
483.9461093
498.3026381
345.0152267
28.60884116
396.7055302
358.7176555
200.1913084
325.7862416
75.87259572
599.2789821
332.5829564
666.52181
675.4020594
94.86913621
249.3597466
143.3682567
276.6808571
43.18930646
498.6000272
166.3135126
349.0776246
684.9548021
649.1270709
382.4003416
666.7164233
125.0414419
165.9203738
530.4024749
204.5384546
503.5970939
688.8218353
577.4791963
431.2246674
548.0454278
465.6345942
259.2515203
281.5019789
367.5797447
454.4615628
275.7945667
563.0907789
432.9149656
267.4564709
13.15754743
536.3215542
505.7870185
610.9315258
472.2628583
187.0732152
114.8570283
47.17145659
671.043752
651.5449925
564.7105515
288.9700315
12.57187936
696.869045
82.84482231
177.8766431
492.0044365
372.0621221
47.37721871
563.1204198
51.89226946
479.4377877
178.6507457
282.7095415
304.8584628
533.2871049
69.528968
93.77849233
646.4220179
251.4449295
426.4311784
312.6316724
527.0137074
101.4412871
273.5488326
380.5008942
399.9301343
646.5944493
505.2000529
212.6802419
397.1169609
576.9974612
157.5406335
616.3140962
156.5852672
78.29783276
244.0627084
515.9526144
492.5939649
19.61479446
665.6687983
681.1516772
109.5982454
242.0973691
163.9678652
68.71978799
184.3203572
557.7777371
9.458081738
468.0075294
520.1602818
158.9487948
108.4355511
251.3290996
208.3167331
341.1290855
384.7378744
681.3909572
422.4160841
255.3424595
520.859936
185.2401891
101.2519146
612.6383843
358.2021791
295.920826
417.780736
247.8184627
5.192047379
491.0893228
70.13138615
104.4200114
387.2045426
591.5712121
444.8231632
357.9030119
490.958101
248.5889677
606.9863745
170.906476
606.5909123
121.2624575
378.7273602
475.6092619
527.4704921
95.28411492
194.180834
258.0161353
673.3345814
267.4623715
177.8524496
628.4578181
10.68326269
502.0595967
272.0767669
623.6897029
212.6622355
260.7481847
250.1991803
191.9066385
322.9014
205.458655
148.4164092
302.6417942
63.49391393
135.3374239
110.5660772
212.452438
466.9045975
497.1415073
311.6638188
492.9737118
112.8812005
287.4287814
76.22963203
341.957189
141.7045355
62.04608918
165.9648837
379.2164827
695.6229235
212.1754629
97.75428139
674.6766101
150.3739043
565.3617214
156.5814891
544.0565716
586.9995637
563.3538306
550.1784974
603.4562745
281.0924918
114.0358491
138.3450638
420.5880044
434.490994
326.1067925
263.0331139
213.7834595
348.023539
362.5774357
84.64112287
459.8471968
305.689824
111.1317079
462.0607398
495.9314134
148.6954706
25.85162142
666.8388847
85.91692081
485.5171779
606.9043272
196.418942
265.5959327
490.6000934
30.6308293
552.8319517
258.3271745
73.40828355
318.1327256
603.2530706
113.5251823
657.0871641
582.1902316
26.28941784
105.0680242
118.6631965
83.76175323
531.7803793
196.7260024
0.725962007
515.4869265
498.6384753
448.5259921
151.7663305
323.8167724
536.0115879
31.40101593
645.9043752
119.6041239
482.0986827
262.2903167
660.9725571
346.7447025
530.7688934
5.623624091
188.5668515
674.9316529
304.5995421
86.62260662
139.2298397
150.7745374
336.8277109
80.47100125
410.3413243
102.8358354
670.3408552
66.24371218
105.4475722
90.67653545
604.6012269
0.955306125
631.6865177
282.8143799
249.3464482
496.1652938
520.8376169
102.9130946
282.723666
341.4299008
650.074362
568.4235299
560.7078131
620.6211749
301.502785
0.278895619
369.3733261
456.5772266
629.481145
580.2216226
664.9645707
352.6640075
464.424991
264.8316555
123.5204844
195.6247149
524.0118942
672.0148993
15.59312917
188.9795763
561.073618
4.729027976
197.3484386
5.73711657
69.90189417
297.8362216
40.02797596
506.5238035
243.4631375
93.27819592
21.59913907
45.21150001
424.3071371
96.53883233
580.5802425
587.2386951
204.0582944
436.3703314
300.458866
288.3797795
390.0697783
160.8956811
300.8961158
301.7856435
612.6377605
324.1277949
435.4201584
590.8449612
322.3528502
544.1803115
403.7182698
454.1419463
354.3214444
648.9246642
483.5585367
608.3557167
547.2454363
577.0353387
532.386177
312.1230073
482.3878152
149.0774846
159.7303587
12.7109924
129.3905046
174.973061
201.3741526
87.8711484
669.0212829
586.2064891
369.5851764
108.3866222
489.101784
68.85013046
376.980248
586.4315006
411.6739102
692.059275
157.8419217
73.56482521
665.9775045
185.0138124
542.0299878
349.113839
74.61547309
151.6641152
612.3828496
615.7417144
483.6948812
411.5522132
471.9765458
62.45292927
565.1256546
388.3190843
472.4693177
323.4152965
511.4288539
575.7759509
71.99167968
608.9796538
695.2201937
435.2884944
307.6887041
322.2833573
521.0123924
694.4953606
387.7773123
141.294579
344.024924
398.0749448
639.3187126
393.391137
592.3204797
247.5766617
279.8348654
506.595599
627.1681262
231.6647836
178.4031285
292.5826217
689.3916124
340.0369742
216.0964484
281.9346568
289.478258
468.5283662
204.666647
569.5205962
294.3514763
5.156977062
470.0206176
66.83607148
322.7477708
108.0503373
428.2466337
86.90578761
208.1517587
123.2039692
139.1272359
160.0889109
441.5155019
28.26502126
572.7449228
575.3717111
512.4984805
409.9978777
465.2382053
655.112704
439.4729084
236.2534436
1.535150552
507.496414
192.9836617
151.1155088
474.7898794
237.0875034
178.4397097
503.8119707
308.7462338
108.6918736
127.8772215
621.2586566
111.3242458
147.6265762
222.7672471
670.5311286
198.7921378
296.7683076
411.9456447
168.4413038
245.9917643
328.1476449
27.64027736
597.6694694
12.28192502
355.2103357
509.3734588
5.193302561
39.61895596
477.1479969
221.7961745
414.8129454
235.4240725
230.4869504
193.4926779
249.1472541
530.4676493
651.5853274
246.0858538
696.2502476
561.0866116
675.207534
534.2513599
393.7611565
646.8258184
583.1915516
683.8811887
629.4177763
207.7594821
251.3995796
502.6945355
3.400915377
601.3393952
256.5190787
280.1124493
247.2047586
18.31264015
307.2501006
226.1879944
103.5328941
80.84988974
91.80435676
430.690738
83.87985609
82.08013769
336.2892359
620.3167114
685.481216
538.9132245
697.6575361
110.6810907
474.5517438
23.06577115
582.9633596
193.782484
62.59233334
162.9364439
172.5615806
409.2053338
437.6211061
212.0293707
285.7043592
140.9410977
309.8382126
539.8971145
216.4989187
335.2522672
245.0498195
529.4775388
321.4432333
644.5751334
594.8611838
586.0268551
162.0292236
369.9270339
313.1787192
650.3727891
90.65670742
160.1265438
117.639634
195.6891945
182.2477778
52.6663111
241.263723
379.9523264
571.0262763
27.25604584
206.4613827
357.7553046
123.4004556
396.3744955
575.8430474
527.9291634
354.7974029
177.1462719
115.7133192
287.6397154
376.5871604
76.10461771
139.7451927
534.9003886
608.3584561
16.71061395
527.1542506
408.0945889
311.3017774
569.5249952
174.5773108
517.1529584
302.2180422
96.38590002
317.5261684
638.9072596
680.8261066
87.9448565
253.2916082
540.9007298
207.0442428
514.2624007
393.2175353
260.2748142
590.1847177
265.2444205
674.7995803
659.2801102
151.3935666
568.5026177
115.7560789
656.0681937
584.8789721
632.2111511
595.1316394
194.6983327
525.8941494
302.1844976
143.4153142
467.898436
118.1007677
523.4326824
86.04668063
399.9815225
568.1751768
399.0514327
228.3143546
125.6665269
552.6260865
334.6015151
310.9209202
587.1078677
181.7022627
58.14362407
371.3288781
514.1916326
417.8448076
187.8414023
448.4379428
461.9010068
431.6825245
9.06655456
58.84302567
570.0922831
307.8345875
117.6155113
74.96829719
124.7803854
441.7435912
155.5443597
259.3506169
620.9863735
420.7265563
602.8647773
253.8046028
261.7539137
655.0958947
214.86877
646.1804116
176.1992819
187.9670565
64.77987823
688.5987927
77.79932535
694.1705966
574.060896
534.3773027
623.2172031
533.0396562
212.4577266
666.0192444
282.5704395
486.843822
74.13692463
200.4287187
325.6501202
587.4228027
694.9028335
682.3712595
145.7130606
471.6432606
340.0301345
587.8536321
391.805423
240.1666553
225.1233739
291.720708
559.8213793
112.4980557
310.2746349
22.79699535
544.3591527
308.2664276
613.6114235
358.9430387
590.1960588
199.2260344
318.7367805
201.7637845
336.5389576
228.0129979
303.1723495
143.562955
91.70390111
209.1587587
374.8501995
287.9240447
331.0387204
69.17016835
421.6433681
588.6756314
228.2750478
86.87901694
383.8756593
71.59133328
363.2890115
337.7011118
515.64864
215.4424423
75.39606629
179.2456158
370.7393845
698.0111176
197.5751153
381.4960987
515.7009914
14.22868395
384.6533718
679.7823281
236.2794339
315.4967061
669.5748171
260.881517
643.6352045
591.5057294
314.2547337
461.0748687
204.5390485
566.1004196
281.8499121
428.1764737
505.5635192
129.512436
28.85254556
358.4611655
436.2676012
53.05791648
299.8316606
333.6779187
351.7454036
116.9769774
696.4709426
319.5790557
48.74228743
31.45585316
465.2260355
591.6180075
324.4792985
635.6994855
468.9356688
430.2190906
651.7327017
627.6479212
427.9619899
64.5241804
215.5175915
143.9056204
314.178066
621.9501678
87.54816364
687.6207001
29.0244619
455.2416494
552.0417313
128.6470016
358.7960764
115.2454699
414.1620277
7.958664689
342.6390918
402.1620619
494.9617559
61.03292333
119.980793
247.2728995
471.6775389
442.4117056
33.92740049
689.8343223
285.6165174
290.0428008
628.3861427
373.0740051
25.87373012
428.4088321
150.6894089
17.29822246
196.8333249
331.398695
128.2165492
364.9483181
275.1721626
566.1253508
449.910718
472.0090488
644.1149601
461.7672386
189.0891834
529.9890944
394.9202505
212.5524779
21.97015298
376.4053411
37.97270233
454.2698564
194.3688933
685.5764973
179.9916738
285.2663584
292.0637605
656.1319383
665.425578
531.353934
465.2554812
181.2509082
20.56055839
314.9612574
67.79469517
549.9097874
651.4078645
274.8062087
672.0315402
513.1934283
70.53041676
89.18854113
598.8915761
589.4772627
678.3362928
548.8567929
238.6581091
463.704151
311.2624348
416.9490373
668.5405677
179.1757905
204.7791048
37.09294486
34.43889155
204.0412054
486.1726468
76.60527331
140.2355228
83.8454909
61.89574615
461.7803339
668.6264202
195.4777346
87.3648682
669.1201262
236.1188512
71.13415781
397.9630928
522.6179897
672.6457047
118.4464522
435.5741659
576.8048971
402.2425795
698.1724081
695.0650938
210.730456
259.1726175
565.1562141
339.7048564
496.7012553
499.1845171
301.9644314
465.1830822
80.55525772
275.7079208
394.6473239
400.787489
289.4115702
172.1566453
19.15927942
68.65403757
208.2515203
531.695368
284.507826
397.404209
581.9421027
284.9064212
383.9413969
234.332032
539.0594604
474.1154425
534.0792786
529.6794651
16.43183561
269.5150203
223.4420309
206.2013435
167.4921236
317.4903313
217.2920964
336.5902038
143.3664326
501.2489384
237.913275
248.3848721
335.5892476
40.32214226
267.7224993
17.26860019
119.0282531
89.86229955
511.899074
267.1104137
568.3579533
91.32981599
123.4119317
185.8483209
657.8546632
320.2988203
561.9078372
557.2601538
662.165991
135.3373084
469.1491113
206.6812223
126.6031008
172.1560782
642.320643
184.764106
312.1594134
51.67553907
75.31884173
195.1183022
113.0416492
145.1206826
418.4830067
195.3580053
219.0592202
568.9544593
658.6110663
229.7372911
198.046005
308.6182391
608.8379226
172.7851562
412.5088927
76.58884804
153.6759035
524.5827597
197.6321386
332.1372315
499.7391498
338.3302123
599.30078
110.0433037
49.32333382
473.6301885
496.0894038
564.0344729
639.8640462
165.0184752
426.9920339
378.3003138
39.51067363
45.00887838
618.7383226
38.87710616
480.0441268
114.4033713
321.7496338
613.2905105
354.4047132
450.8332857
389.007072
687.6820787
480.2196712
651.4284858
550.3825659
452.2695436
85.99833118
454.3007278
166.3349247
644.123116
660.6221273
157.4004352
328.4832683
25.33483369
133.8558219
285.2051887
614.4372811
453.5990804
223.8504438
622.6775985
236.3689524
538.8346789
156.4429207
376.2469907
311.978657
493.9303728
261.9340515
603.6903861
245.9327509
551.901171
440.4254509
377.9389696
450.485623
614.8734173
275.1132733
692.6240202
306.651685
95.61489432
76.01785212
59.53388439
302.5518244
575.7202031
440.7523716
448.9854823
413.352527
96.24429235
411.8125969
600.8666223
488.8394881
170.5793211
269.2957662
607.7613027
391.2086607
167.7500967
370.7201759
232.6102486
307.9184383
370.2561667
250.8481487
570.2986762
411.5864955
315.7359054
511.8273815
376.847278
380.6348153
398.765446
167.0690738
660.605873
179.6275495
198.9678465
258.5964662
358.9162769
531.9195856
502.6168101
227.0775266
130.1641624
90.77556128
194.6796589
138.5286166
675.389179
565.0991203
346.981179
543.7888978
519.4523478
296.2615399
203.9817017
30.29256716
63.38981246
185.5384642
280.9607342
404.9771286
609.6055389
264.6099732
77.82513118
295.4165296
46.41793649
342.4085597
194.8437568
476.7899284
423.5247466
154.9110626
73.28715271
390.285486
126.5944428
207.6673129
418.7160437
393.5600686
431.9371629
684.7639682
20.93347613
428.2407979
279.0639691
119.8520568
516.3453914
588.3921729
488.8656603
65.88972793
519.6974301
644.4163749
322.3369228
483.0432637
624.5456521
577.8766472
115.1533282
122.9167271
239.9882011
580.885321
319.7036721
680.8882401
641.7685835
31.05888776
229.4185322
286.0727799
573.785714
612.4790713
279.6539779
237.064536
677.2802215
188.1174883
694.7564468
637.7662451
536.2967709
143.2156796
92.24753484
664.761605
94.46371445
375.5426356
477.985094
510.2972903
97.43491465
633.9550666
429.0103075
497.4103457
175.607789
324.468927
319.8574588
678.89606
456.8607827
407.4371848
639.6395189
19.54551103
205.617716
515.3245228
681.5566677
636.9594594
589.070673
114.8945869
162.5141349
28.15131344
682.7882647
313.405059
67.3367987
477.5675391
647.4726497
219.4544767
144.0555578
191.8126533
325.1676777
617.2404149
617.9516918
468.8756747
121.6033996
662.8315603
305.0962552
376.9173581
332.5350259
664.707601
210.7899758
13.21663462
424.2274002
26.48332254
582.1303043
207.4614014
649.9813368
12.52898211
323.5226028
281.4104333
197.6468155
418.2923269
530.2061538
507.6483307
482.9651185
58.76691733
422.2323796
681.2680175
261.1518869
409.1419639
662.2965923
478.6461884
190.4559439
29.2336807
29.47405316
478.4305807
70.61872693
284.0580728
281.0585485
325.3735108
552.5235343
11.90827159
275.7434907
678.7935787
277.1578827
24.71124673
57.63885301
247.8580131
269.0866603
145.2490338
499.5625122
657.5303172
586.8765811
549.0141564
28.22112752
344.40155
318.1911002
496.0627155
142.3797431
536.8968193
606.7306868
607.0912612
364.8007482
568.0737359
623.0329419
76.42841883
84.25866171
543.6502527
468.9339701
625.6238109
699.7072927
520.3265257
636.2736686
532.1847292
608.921952
634.1947267
199.4082971
242.4612715
694.4350492
683.8420182
271.730439
556.2105583
692.25464
102.2718331
317.5627731
72.4604043
467.505175
226.4594167
408.2962014
436.2287347
432.1578912
108.7419091
290.6874494
3.966025205
513.8395914
339.4836335
217.2243022
23.30611381
311.1819092
200.346997
116.4488309
568.2689115
256.6613787
304.0968661
378.0705904
480.3210987
595.9975055
639.7044167
640.4937826
149.3049503
378.8313261
156.2317527
200.9342241
97.2098148
410.8254633
112.8321399
0.479284239
203.2053704
234.454789
612.801911
684.1514691
346.6186024
511.3365287
317.3651297
391.1703647
619.0335841
260.4494791
345.5240302
15.38872959
674.7232072
638.6482669
534.7533707
627.134258
210.8667027
134.6255362
283.2725712
611.2812214
550.6870609
365.6415955
12.98591805
342.4045062
100.1001836
434.6987573
632.5366084
663.6745233
505.1846919
460.3636701
334.1492687
305.617322
551.4106464
416.1946517
497.1109135
188.4314381
97.17337124
527.4463172
500.5583065
117.482333
477.0766626
228.5810868
63.09692953
625.894615
208.0945396
681.7395308
67.46210357
186.1295115
176.0848542
489.3700866
698.9864178
175.0988592
303.5020624
679.4378413
250.7119489
587.2188059
146.7109784
226.5586736
235.0813564
500.7676809
67.83794232
52.34313369
104.4103628
369.4715554
337.6244198
180.6619786
312.2737256
225.9037276
611.6866358
388.2062698
487.6063536
274.4108494
252.7735918
585.2406398
187.5738352
33.82791225
446.2925209
215.6033942
86.08723154
76.06601306
182.7589945
22.07509528
101.7597174
362.1089417
169.9174922
286.0982312
295.4733541
300.4846996
412.0082298
96.42645316
488.1841881
46.99873965
673.2468374
76.08970978
106.0739214
15.52424517
407.4283488
291.5918612
172.8688677
473.8439981
623.1782667
396.3675455
29.47577992
262.164967
143.751158
253.4693929
328.9043466
467.0962418
236.2197245
559.0967281
149.0070482
509.3939753
379.7220712
629.7765369
180.4005034
624.4796523
197.1627636
615.8702671
245.7569618
431.3844461
584.1170244
164.4970124
535.8252088
686.3703667
373.2802749
240.794851
25.40181712
489.9420754
260.3695135
70.42477202
218.3576959
537.7412093
264.7935864
271.2247155
565.205029
86.18389705
609.1029933
635.0558969
172.3682622
250.4482349
20.48194371
466.4862519
492.4890474
57.69139332
684.2296496
2.558333603
165.3645844
254.6284492
457.6804327
251.2486187
486.8386142
494.4060252
559.6914572
379.8319416
142.2728809
83.55669392
478.1282979
174.6057808
50.95091392
426.3049246
104.1324731
391.3370944
678.3327904
46.6231153
312.5832458
95.93578404
273.2177574
653.779271
67.92595314
443.6993441
509.1392895
42.1080653
47.10628394
241.1018961
134.6041678
101.0776891
215.6379612
326.3899397
167.2461071
386.5242929
462.0333034
180.9336011
45.23659799
366.3383823
499.9503143
554.1128332
607.8766433
648.0939315
651.3311121
189.538387
281.580534
489.0365568
648.844511
268.9474979
169.3205745
168.5086926
400.2565879
679.7173183
62.41801445
149.6331042
497.0934772
565.2113523
212.1501612
499.4818763
360.1393414
289.0779837
539.4289807
329.138743
523.8947377
472.3621637
613.6126026
363.4904676
91.62471134
135.0993274
675.1285045
597.6401437
157.1353023
140.4219477
382.6986901
246.5782949
125.0602343
444.3404701
551.3730611
416.4322046
284.4563812
566.7884524
369.4979706
419.857506
412.9068689
76.68600263
49.82141424
445.8177494
348.3723624
330.8769491
203.7569847
303.3325642
628.1288747
518.1101563
48.87483216
478.6967324
46.4078761
157.9705764
657.3933959
301.7732
17.65859067
100.6904928
632.6060074
601.5428607
408.394149
676.9855275
513.2514123
655.025098
129.440346
9.520972181
61.97559908
39.60725668
471.993728
568.5073278
85.50980146
177.9357593
249.0013068
160.812008
79.43510479
352.8192874
430.8637724
296.3980614
427.2764877
662.7218835
25.85470955
644.2190195
459.3403907
165.9976959
172.171785
79.55355786
50.08090924
488.0431652
146.0906455
586.6287016
299.0134759
657.5092966
337.4371998
639.0958956
185.1810683
323.7028455
11.24568995
692.9631931
475.0909254
436.6016319
346.3070321
442.9148336
258.695327
467.7503806
201.677547
465.4645494
677.1669007
75.79947287
659.5341343
172.6244872
622.9595775
233.4006422
483.0005825
188.372096
594.7853585
515.1771652
226.5129642
244.5996935
45.57752249
34.73796647
677.5665976
456.1012211
211.9053071
535.1333725
206.9061776
593.7606941
665.5456601
667.9169028
599.0232843
654.1499576
660.6736986
614.1442351
75.76094351
597.2742045
357.357031
635.8690601
33.75948537
519.3827553
586.0377938
111.4305246
224.1889004
412.3954461
513.2088467
694.9306865
663.8380673
97.15703067
363.4164326
102.8353029
621.9320125
332.3600841
82.13928778
615.9050765
160.5735849
395.9672972
499.296403
645.8108392
138.8259799
102.0509279
392.6160014
303.4550195
441.8472983
348.6551859
573.7447822
92.93475531
440.0371451
85.67123084
185.9139959
303.0827762
657.7033957
620.7820782
150.7936378
422.8792781
559.9318109
360.3866214
546.9044368
90.28886139
231.4900912
177.0487719
577.7784964
424.9568219
357.110976
205.4044804
314.0771077
639.6389034
212.0913705
433.5992979
276.5028995
541.9000893
91.89416839
251.9483086
183.998595
671.8208752
359.7080993
146.5672255
676.2988498
237.3461675
72.08569716
234.7516445
172.1568363
634.3246261
695.2716547
232.3403398
172.9258259
262.7011482
297.6152651
182.4797374
413.2063133
163.6027703
462.8530105
290.9999007
339.7628424
302.8063095
425.2513251
283.4253801
631.2921776
544.0603993
655.8722957
465.5125948
490.966392
153.9869747
497.1876858
97.69765116
664.8064229
552.5038969
534.9481495
65.05298044
264.7805676
130.6482349
693.6346444
524.4287264
174.1455941
302.7525303
663.911439
476.3371657
160.3437215
245.1711098
444.4648397
365.5621492
455.972658
526.4562251
569.0872828
581.0267462
563.158386
341.4321729
470.1748706
368.1252339
613.993653
672.4827273
449.4988669
10.19448928
339.5129837
210.7125672
26.08854154
257.3609072
107.8880263
58.19052457
195.0964205
464.030584
696.5513998
631.1858418
359.3701023
693.0336317
595.7219675
665.1918913
461.4826077
375.0882288
157.5056207
651.5508329
427.7064856
425.6891346
158.6255901
371.2511345
399.6039582
68.5942063
175.0070632
679.03391
257.9644964
630.477533
73.19711114
430.3154097
380.639324
54.47932361
34.03504186
678.1650424
418.8463016
139.0757839
284.4827379
531.4382052
143.7254953
357.935184
105.3590056
399.6915956
119.0778551
50.10924424
417.5875971
13.44689198
666.1894888
386.1104978
633.1786475
565.609746
15.30827473
435.8864086
373.1270671
688.2974124
155.4618061
622.1527178
627.0196994
120.887756
422.7930839
587.1702615
375.5332518
226.1567931
399.8131033
589.4059828
595.431782
27.91935065
329.4557267
671.7259501
591.172693
166.6169648
188.2648022
660.166513
481.5964167
595.4377414
86.10633691
607.810575
601.1792259
543.793504
380.0873837
527.8194995
195.7235813
662.9862762
489.3305329
116.3527455
213.6165245
507.7107856
399.1360447
638.9025426
517.0560178
118.9302552
373.7140936
174.5912084
164.255279
60.00126023
22.17569204
130.8301296
360.8951398
131.2335519
447.0413778
223.511955
100.0747739
594.4493537
346.090162
293.7473199
117.5943379
81.28982518
454.8392629
404.1326792
115.3418657
298.8755415
546.1143955
158.0251327
76.47102039
279.8624584
607.880266
450.1914672
243.123303
502.7753294
171.6081152
697.4230012
337.7465475
389.2187874
275.356247
375.7737626
585.0006043
178.6549081
240.9661683
279.1501575
40.77207823
331.7517981
634.2045777
640.4000425
125.6413755
665.9827665
575.3931026
538.6780485
125.8500013
265.4036549
395.8715579
199.112357
556.1770577
538.3517138
66.16960329
107.6529605
517.1435118
382.3559908
62.21377474
312.4131768
259.9288541
631.860636
400.2565011
643.769041
462.9426301
547.1099639
316.6536708
285.3262539
494.4429322
192.474095
620.2513027
294.5185146
598.4358614
476.2701728
343.5165492
647.0496476
168.6901986
331.7925441
699.154517
137.6009924
286.4390935
534.860167
110.538037
92.34021949
256.8618598
47.95764178
691.3598337
314.474571
338.4923879
144.9775669
350.5398882
90.32717193
69.01568563
297.4740677
144.9988744
141.0088742
665.3746348
145.6360438
279.0739969
20.58813454
635.3012286
72.71051235
120.6129456
538.8397535
422.617003
368.9655734
625.0987888
11.86026709
317.091494
699.0035438
607.3969369
239.9648679
295.0273478
639.307321
634.6058492
508.7471631
322.4152336
224.3445457
66.554382
532.2729612
498.6506528
594.6429799
366.2660584
523.5625818
198.58194
465.63027
323.7057135
650.7588238
489.3451641
611.8885799
357.9920026
300.5135819
405.8390388
289.5978162
408.6788037
263.1592949
428.9313398
177.792741
110.8739796
221.8229306
531.0412222
417.0100465
487.2344593
174.5458981
29.26371375
165.7404954
640.677986
239.9824681
592.5992729
546.3501509
531.168473
527.7478384
668.3355526
70.15813225
368.7706425
668.3844489
163.6613911
418.7842859
272.9782597
218.2080092
680.0085016
577.3586607
50.08975645
249.8773802
167.882953
147.0591511
320.1542957
80.82801708
609.5409206
472.5748722
513.0211647
604.0515617
252.069689
235.8414457
390.1441261
549.781913
523.8129544
382.5259942
224.8485308
655.1855345
403.5195628
188.1125504
588.3946296
158.8093331
2.764988287
433.0404667
649.6076658
256.4631057
343.4096963
203.2481968
101.2249544
580.2682118
678.4409396
374.8282202
48.17236533
190.0202664
562.6539082
621.8437321
345.156474
575.867976
628.1663196
458.6535537
259.8380325
393.4213051
127.295184
345.4047917
568.4645568
8.426238542
87.64783058
387.216061
444.2059775
156.7860352
69.93705766
617.4223218
79.95348869
523.2945696
9.902783399
219.2763951
417.1094938
358.2211898
95.58409347
76.6527244
398.8638039
181.4755541
241.5652693
65.15921946
573.0214663
6.127250474
421.9334168
77.70841472
335.6058569
165.7377077
177.6602551
674.6280419
347.2686435
136.010879
474.4168191
381.5531386
494.9443783
529.1709799
314.0621038
555.5924973
50.97045355
552.13067
558.0609969
693.5095911
552.341984
82.97610298
667.2918198
332.5103434
494.7905777
235.5826235
643.8683062
193.8180364
527.3072737
463.7992072
398.6199549
481.76436
569.2609568
212.8198017
270.7061347
667.1461495
471.7689086
255.3247703
276.4771674
293.9724112
669.121241
469.1541194
398.7110337
482.7451843
182.5442458
562.0665336
359.2438759
450.925159
160.2142241
699.2000355
404.3584117
658.69759
126.3883541
38.807361
592.9875499
546.0036728
450.5696786
281.2414312
654.2646213
379.376906
650.2892322
101.3435989
626.1475338
604.8204775
627.9550837
202.5497124
518.4209046
195.9897134
281.0899128
654.5544962
341.3976637
93.41365506
392.0796696
120.3106771
434.7556324
494.4711842
312.8038585
610.8124752
328.881844
36.53790017
597.1086718
424.4599082
81.50973742
82.97890292
452.9205568
276.4761726
303.7933428
607.378786
676.4151305
597.248421
298.5691097
131.5840379
11.5490992
663.5694802
323.0348411
648.7257679
298.4913252
98.54051389
460.6319067
72.69677294
468.370791
534.8372577
332.4412793
675.9991497
477.0277589
596.6937015
506.7843455
444.6713848
38.76728979
146.3546965
602.241292
155.2467713
370.2040672
619.176664
256.5427272
481.1287403
132.0207713
537.6742772
354.538222
596.8159142
462.6453821
633.5010185
422.6044833
67.99263885
