160
75
177
389
299
466
295
587
616
669
652
366
296
350
452
245
458
348
78
437
514
688
663
623
185
168
263
580
18
13
321
451
490
488
538
264
101
353
530
544
123
2
43
260
128
408
195
463
423
682
531
293
180
657
323
494
199
333
95
353
665
548
183
674
491
519
638
320
352
318
424
51
619
23
692
62
474
427
284
75
89
415
162
202
273
420
386
121
264
168
497
195
420
19
2
322
504
225
88
449
298
489
539
135
548
384
85
182
82
215
82
208
180
119
118
575
690
504
192
562
512
467
514
344
664
230
237
462
531
70
186
265
45
4
661
350
408
389
50
376
456
126
506
385
121
590
362
344
10
641
486
466
143
509
212
566
480
79
96
646
161
549
335
459
310
17
180
9
214
596
656
432
586
57
524
542
302
546
631
398
697
628
291
388
669
451
13
604
583
570
688
490
331
500
253
261
601
153
62
441
685
403
287
503
41
119
401
665
543
12
142
560
15
652
102
635
327
95
86
644
177
231
482
477
66
93
563
532
562
563
65
153
538
200
611
408
295
197
256
631
636
99
645
0
161
591
24
237
462
16
62
149
213
89
492
515
675
655
103
141
130
420
616
60
68
314
205
557
81
516
561
638
523
560
293
201
509
100
585
208
494
25
592
34
333
594
130
520
423
208
467
410
610
537
324
105
302
67
543
27
350
548
153
384
479
249
405
247
435
359
501
275
276
390
547
610
143
89
394
150
654
375
290
569
159
93
66
296
396
536
337
197
631
564
369
262
693
396
375
529
31
647
548
230
45
131
642
91
228
549
336
332
669
33
265
270
650
623
596
421
588
44
248
658
375
513
313
50
376
691
208
473
365
6
603
370
88
193
581
189
238
357
70
261
160
69
689
16
316
112
31
630
521
602
219
475
126
356
170
191
171
275
118
67
606
300
386
347
571
354
632
95
369
329
547
661
56
194
167
228
503
345
136
108
257
345
379
618
306
641
309
411
360
393
541
164
322
515
625
291
538
492
698
103
485
464
308
47
452
41
652
456
287
570
303
198
607
366
72
687
87
57
669
279
263
517
129
660
392
571
420
407
500
640
105
65
102
550
336
287
126
368
188
516
414
41
58
160
257
641
632
281
313
522
341
88
594
438
616
216
320
17
130
500
50
273
190
142
57
605
66
242
613
89
355
250
638
551
503
267
7
588
15
296
353
500
28
602
467
320
572
586
379
444
314
291
311
398
9
262
415
202
181
140
496
149
587
429
637
252
233
189
9
329
33
697
164
619
23
515
552
430
359
582
475
278
188
653
446
305
6
248
507
22
187
362
442
86
473
372
656
361
539
666
68
260
542
336
676
370
95
211
693
96
173
134
644
278
534
397
321
107
592
388
333
204
583
642
323
464
698
126
664
91
410
227
419
472
67
555
241
179
407
405
191
51
508
422
539
335
458
423
115
587
312
462
77
381
131
647
3
17
288
171
288
165
373
117
578
70
620
33
686
379
36
417
261
177
17
101
40
332
334
119
496
91
218
212
140
318
538
695
217
681
91
318
445
671
229
26
275
400
512
652
321
640
341
129
314
2
1
385
203
391
25
476
348
118
592
77
70
166
49
286
84
136
251
500
105
506
574
149
591
127
576
622
626
0
618
361
185
251
228
537
132
56
422
376
574
313
324
91
90
149
33
575
356
359
696
186
488
183
145
46
38
41
346
612
248
186
599
507
41
459
438
297
560
78
139
66
252
339
208
237
179
342
276
244
190
240
102
423
549
112
577
612
679
391
393
17
428
390
402
295
698
79
498
632
104
440
346
93
593
140
506
140
181
461
449
363
1
377
177
538
496
374
82
44
63
614
85
321
425
48
175
427
314
238
69
440
336
566
489
341
257
238
251
530
501
574
11
371
25
487
646
172
639
284
11
77
558
435
297
602
189
28
310
110
307
359
605
662
225
157
371
547
152
76
417
555
670
101
430
692
29
394
673
448
154
99
503
188
53
48
324
577
571
178
501
52
543
142
278
36
592
55
128
101
248
60
153
137
488
32
700
643
683
692
199
285
593
19
200
666
250
649
35
462
289
582
375
393
449
517
518
74
32
239
330
644
592
694
83
569
608
214
629
348
595
385
207
448
643
227
376
649
270
235
251
150
150
69
326
345
586
45
531
461
693
327
539
298
579
36
512
67
51
275
314
125
521
630
3
559
553
423
499
92
408
337
179
688
495
328
676
601
164
571
326
454
111
561
443
114
610
620
127
219
399
604
322
309
354
695
326
152
300
670
517
11
383
262
336
641
65
633
546
171
419
580
513
539
253
366
497
606
335
133
575
578
228
159
577
493
8
163
518
150
264
182
251
15
581
236
361
284
356
354
179
615
677
599
141
325
255
470
365
428
320
38
543
666
307
407
11
435
540
452
259
460
258
197
478
259
518
372
408
511
291
250
74
540
528
559
109
182
505
18
29
622
76
240
555
603
60
666
72
666
421
533
377
34
595
378
465
407
681
1
188
82
597
474
188
58
651
72
481
118
140
335
601
627
670
116
80
485
460
681
474
643
516
478
418
316
535
35
437
499
304
75
83
641
407
366
367
429
268
295
82
539
241
235
450
39
263
50
542
685
522
630
661
393
309
99
70
418
209
596
71
339
155
126
647
503
18
630
364
506
284
417
61
151
440
325
608
63
111
106
453
604
581
661
23
410
113
106
198
63
286
271
142
663
52
275
210
77
145
457
108
80
109
497
523
202
11
141
280
530
171
340
275
331
404
247
223
294
196
44
499
155
84
425
462
469
185
548
681
403
616
377
406
336
253
392
335
622
23
311
547
165
561
101
176
310
195
241
236
215
138
373
562
314
503
505
273
598
536
36
204
37
292
257
395
219
321
515
480
272
221
283
167
42
290
126
337
217
50
358
485
98
585
196
418
81
453
230
211
232
580
392
605
501
127
354
298
588
635
216
600
606
223
129
209
409
313
112
686
261
21
456
130
430
487
459
479
556
600
576
64
24
396
14
630
8
188
244
14
126
235
337
548
32
341
614
177
468
63
430
497
646
497
151
169
685
55
218
537
536
301
513
293
594
427
56
596
605
473
435
143
320
681
466
173
112
310
487
189
471
331
434
386
307
569
542
492
40
309
194
470
255
325
456
12
331
173
287
171
453
211
221
469
94
439
12
79
252
309
164
8
55
437
510
504
390
472
335
68
670
70
345
328
236
282
47
549
413
398
120
320
556
323
50
478
693
575
51
275
485
202
218
391
447
195
279
132
553
379
61
86
26
471
368
39
16
578
595
427
676
634
362
289
113
197
64
69
142
237
528
323
124
460
341
672
286
173
347
672
283
485
34
143
482
416
96
227
473
469
305
553
280
173
63
189
613
55
468
522
102
443
166
381
338
143
656
362
214
550
419
396
168
622
103
581
124
563
528
256
594
58
511
582
44
484
543
0
358
248
563
250
425
611
549
504
15
636
430
485
77
656
217
43
457
338
188
693
277
351
579
224
317
684
377
188
640
96
456
342
238
433
492
475
259
680
531
21
552
319
242
294
605
478
323
290
224
622
479
686
373
252
357
238
265
28
675
686
247
624
365
40
365
114
117
276
521
53
536
643
67
493
114
294
97
168
552
490
143
565
361
319
106
675
432
117
380
135
631
496
575
424
498
525
80
195
290
621
120
151
196
23
233
584
486
168
38
23
237
158
236
201
188
98
98
227
506
368
497
268
174
19
698
545
299
601
331
601
64
101
616
219
560
313
243
391
242
396
225
151
664
12
398
377
634
358
16
216
362
341
644
99
87
398
191
154
122
673
223
693
299
583
492
648
167
132
443
166
332
183
282
105
22
473
242
45
108
462
233
526
114
105
624
698
579
344
448
230
297
304
597
455
370
687
594
191
377
216
197
332
61
241
611
138
349
53
39
501
10
308
279
631
552
695
408
235
142
590
505
367
312
679
104
33
120
496
288
506
84
373
298
63
698
199
181
129
56
454
19
201
660
653
579
392
1
183
511
368
379
335
565
122
171
676
350
649
502
513
162
317
466
652
221
240
390
21
144
146
315
251
102
149
547
29
615
410
36
454
269
582
195
4
671
309
603
229
544
329
192
515
681
142
48
38
428
170
576
562
50
378
463
156
26
667
530
200
648
42
658
15
15
370
50
49
685
173
471
595
560
49
243
49
348
33
108
534
597
27
455
489
542
130
109
109
578
637
4
343
309
158
337
529
323
252
83
698
174
217
15
440
128
679
317
361
379
260
310
97
31
629
384
242
332
61
398
634
530
643
172
4
324
392
135
335
257
470
485
453
271
498
676
14
55
236
58
6
326
354
62
584
92
264
411
617
101
74
241
305
53
489
358
249
465
560
140
653
536
8
247
273
134
151
629
145
443
17
331
31
159
415
423
249
582
599
4
144
273
328
364
278
605
202
419
624
199
72
648
186
477
94
596
377
633
45
561
652
42
382
580
111
527
97
577
593
408
258
600
55
576
586
571
275
236
531
69
145
535
327
81
483
287
308
612
127
233
646
615
349
197
248
78
352
350
434
573
245
429
488
155
322
570
696
314
514
296
271
658
607
363
414
36
483
12
104
361
337
426
16
554
503
348
91
235
0
319
326
45
79
435
397
553
547
284
427
451
456
681
309
392
395
225
11
279
297
150
420
617
102
177
367
375
674
430
510
175
319
626
665
163
545
189
364
515
366
252
41
407
401
222
463
620
584
673
42
486
200
54
449
536
694
577
206
202
585
370
203
596
318
573
383
263
108
620
79
647
420
78
475
699
493
22
463
8
675
209
435
379
488
520
436
519
308
690
589
697
241
181
458
341
311
503
519
31
81
427
436
131
682
242
364
69
13
416
358
522
628
32
326
656
463
694
631
177
620
159
679
53
559
469
268
595
1
424
298
157
658
199
463
601
681
255
383
271
486
492
261
521
318
242
9
218
73
425
329
612
191
698
354
670
663
688
681
606
117
30
362
158
515
463
637
342
499
119
495
52
488
655
641
273
688
137
604
534
96
273
272
483
99
304
239
431
256
402
104
187
538
405
51
252
401
250
573
637
632
215
526
141
294
248
135
583
372
135
618
409
54
237
333
149
280
311
244
466
285
299
171
642
276
437
72
431
488
609
415
348
567
377
127
649
420
10
320
297
261
75
33
623
277
147
403
312
301
392
209
68
514
618
54
215
89
640
10
178
566
133
505
300
494
145
188
39
58
304
549
545
195
635
458
9
399
450
476
596
619
688
178
686
538
331
251
1
90
153
295
662
590
499
61
383
13
81
246
390
378
344
621
150
270
374
326
364
404
416
38
132
531
370
559
465
352
392
496
487
351
279
226
560
199
694
516
367
370
457
265
366
615
461
326
293
109
227
516
448
488
349
351
227
250
38
174
358
689
253
130
300
581
26
139
145
142
239
285
407
190
73
41
105
515
619
22
270
135
629
385
356
81
315
42
336
42
68
493
193
326
98
32
434
631
217
641
514
265
154
630
598
546
108
481
178
8
285
318
648
645
60
674
643
368
247
579
22
241
300
116
143
562
697
456
490
622
629
392
46
134
691
537
402
26
315
473
252
21
331
561
232
99
269
17
482
152
620
290
190
16
57
692
523
394
314
612
507
576
341
505
32
158
34
389
514
597
592
56
543
67
221
261
673
577
124
4
246
106
280
285
215
134
145
179
632
617
35
354
588
364
217
570
41
427
439
631
353
551
483
315
152
581
183
137
12
133
186
128
310
596
437
290
550
18
646
252
654
169
566
440
13
229
73
485
252
249
16
114
397
110
355
345
482
539
346
467
383
411
440
123
100
378
504
410
568
1
238
75
464
359
683
699
222
40
481
631
97
355
323
454
65
181
40
699
94
298
341
531
264
545
436
90
649
363
347
557
456
673
10
228
52
8
341
631
175
515
273
543
479
188
588
531
211
401
391
593
629
291
228
514
670
251
417
70
285
365
11
613
145
662
100
620
163
47
67
39
664
40
617
465
448
276
172
632
205
228
400
457
48
338
350
109
694
255
197
374
152
138
600
419
561
190
437
309
522
261
217
670
525
48
294
223
8
114
691
446
521
26
490
35
342
416
380
640
337
582
660
354
422
231
674
690
663
374
71
594
257
268
149
454
263
537
467
129
622
654
323
541
657
395
262
169
3
431
380
229
421
347
96
622
511
433
487
551
40
686
14
306
498
465
153
410
651
31
142
593
166
490
272
494
694
580
249
223
575
86
593
138
346
209
270
403
86
320
688
384
71
410
308
524
700
565
551
523
476
299
412
370
8
675
318
452
470
695
428
339
193
533
109
381
238
608
576
472
76
88
152
62
410
45
115
321
227
159
386
184
86
409
231
380
673
271
343
53
682
485
534
546
272
391
278
571
197
148
224
336
692
481
484
250
651
17
296
147
325
154
649
196
27
121
395
462
496
257
355
610
228
306
653
637
222
566
476
228
601
232
671
501
69
530
216
429
201
190
545
607
694
595
417
70
62
487
38
221
288
251
8
627
433
574
431
439
10
588
163
246
451
89
429
560
224
249
330
329
53
66
347
387
122
632
293
10
62
668
652
107
131
519
276
236
627
631
297
332
245
96
36
542
528
581
680
388
182
447
241
634
4
415
413
40
423
96
64
118
214
313
414
500
191
115
9
97
358
135
213
586
47
289
252
405
146
7
461
196
389
419
310
557
196
428
376
336
81
176
308
320
25
309
50
276
351
122
135
436
121
691
539
78
82
482
411
28
513
173
668
490
509
558
613
535
69
440
233
211
638
16
40
602
24
512
273
328
77
331
235
345
443
149
436
625
554
132
423
199
445
502
480
423
244
534
44
20
214
94
175
58
177
411
539
349
543
102
596
544
111
214
112
444
168
641
63
123
407
241
231
482
131
241
52
545
325
615
454
261
299
65
210
516
475
120
683
356
566
43
486
550
460
138
606
140
580
246
586
44
313
207
463
4
177
217
576
209
693
588
526
665
33
159
36
268
374
636
329
43
54
391
78
26
218
164
16
173
196
633
504
204
666
130
31
439
290
594
676
484
620
539
225
584
437
25
172
171
323
546
79
475
650
680
419
560
574
295
356
41
464
601
549
222
260
434
60
135
106
44
153
659
146
659
190
216
377
700
579
519
545
413
122
588
57
126
596
324
105
219
498
410
226
559
205
410
457
132
490
653
676
4
92
24
168
466
480
66
481
559
235
531
596
568
354
453
60
567
610
575
478
124
418
394
8
485
320
629
410
692
650
700
664
151
389
502
212
85
110
609
135
527
617
304
160
193
526
176
80
644
363
391
212
678
509
221
532
648
172
50
440
234
161
653
166
574
513
700
611
261
408
548
144
339
547
370
438
159
613
236
342
629
610
27
230
561
565
481
354
526
143
392
371
521
432
79
399
317
184
191
458
537
672
268
358
683
100
407
587
399
99
603
210
540
231
541
2
345
625
629
454
45
690
279
576
20
528
660
360
29
477
512
319
538
149
70
19
72
458
277
362
224
645
15
91
580
488
6
316
143
176
357
7
149
361
275
218
323
383
327
66
240
468
652
693
24
128
176
542
554
560
534
11
223
242
405
521
136
79
164
568
31
157
55
534
48
46
248
213
428
685
514
36
356
452
84
269
263
617
227
627
427
293
387
391
328
57
570
560
483
598
417
166
272
584
353
101
102
674
301
101
634
271
385
114
196
274
634
587
611
75
330
597
238
524
70
620
339
203
31
267
523
480
521
648
630
328
280
676
424
129
292
110
54
255
518
602
102
399
551
301
30
346
536
63
149
468
683
321
475
6
627
625
466
372
338
108
363
659
386
235
119
631
162
363
547
349
33
645
342
482
656
495
617
239
224
260
516
261
169
412
37
183
96
490
51
622
199
95
559
282
143
500
164
429
660
194
76
47
130
247
268
0
52
115
630
177
58
555
504
181
202
326
130
646
356
477
564
311
55
122
215
87
669
597
158
162
82
543
603
36
40
557
125
61
465
468
4
560
371
266
505
8
603
457
348
491
338
427
8
138
346
634
641
689
112
570
172
607
533
412
216
453
324
247
95
476
18
544
249
88
74
539
226
477
252
452
28
102
145
518
577
238
162
377
260
271
118
414
314
344
377
36
426
42
445
342
45
214
145
295
404
222
381
519
327
643
514
556
527
112
260
498
12
236
151
576
194
484
396
536
186
405
489
468
682
105
684
230
234
661
350
208
101
419
546
691
155
503
511
278
215
400
37
212
92
275
164
425
74
504
32
97
656
16
287
435
244
245
93
2
428
673
662
229
631
380
220
493
42
91
682
296
347
65
281
591
132
303
155
166
507
156
642
374
287
192
545
626
606
401
142
12
419
635
488
51
513
115
0
377
273
113
352
238
125
40
111
278
566
181
452
464
489
585
576
673
614
475
273
520
301
546
308
506
173
542
304
279
151
496
294
496
109
570
135
103
419
31
16
304
165
465
329
41
91
513
336
483
104
316
101
60
217
480
545
423
303
403
518
471
489
423
23
579
582
118
678
358
374
308
21
283
229
669
605
526
243
266
279
279
482
368
518
182
564
282
87
294
481
548
112
251
187
393
243
178
407
665
513
634
470
494
626
432
416
140
339
591
262
482
529
81
351
493
413
549
254
478
162
589
583
312
219
656
497
68
27
298
283
465
29
273
187
695
52
215
12
406
491
60
661
478
187
572
332
81
661
108
358
171
128
608
218
262
55
641
176
126
548
385
252
3
574
302
320
516
595
579
84
296
183
64
165
366
404
376
191
315
497
482
0
540
185
403
287
230
674
426
245
194
191
422
534
585
100
322
135
454
235
127
597
433
257
165
117
498
401
460
573
568
408
359
164
501
187
227
601
255
58
334
175
247
678
502
579
435
0
63
691
308
43
264
415
193
675
140
280
595
563
664
38
218
63
693
71
2
541
324
668
295
251
510
2
539
23
22
220
273
567
655
610
92
474
126
601
231
112
664
298
520
568
377
93
474
474
136
381
479
476
77
35
270
50
144
551
692
221
214
675
70
662
258
248
93
655
674
445
50
406
321
68
53
461
41
630
226
127
613
570
26
207
508
163
68
122
232
346
500
129
326
359
145
474
472
268
339
431
518
325
26
123
236
320
598
137
235
391
327
354
459
250
49
256
476
557
39
700
399
436
647
632
133
648
13
64
421
678
37
51
331
511
214
235
552
391
195
670
645
385
142
651
332
294
296
69
410
262
522
101
690
113
416
212
251
170
542
75
535
187
516
419
74
354
229
291
483
239
267
256
599
610
414
572
256
19
637
43
499
584
540
522
317
181
400
323
427
206
7
265
295
254
695
268
370
428
278
381
376
112
660
556
33
350
393
183
267
132
253
456
309
527
221
183
37
551
228
178
25
339
410
491
167
144
638
667
284
658
556
105
96
305
325
418
591
454
62
17
697
589
671
545
290
97
27
227
445
497
666
571
650
189
442
146
683
297
11
147
685
452
92
694
71
396
658
53
525
66
481
502
260
496
475
314
381
507
416
631
543
469
673
589
383
496
69
220
417
35
80
582
316
98
347
550
443
143
357
67
33
41
47
565
428
200
157
266
628
305
316
449
608
488
221
138
430
510
101
171
493
678
663
296
417
613
450
42
375
12
46
662
186
118
100
514
462
642
465
25
447
522
579
63
387
273
478
360
594
109
506
242
119
24
345
16
375
283
462
419
490
567
350
133
511
410
144
153
364
623
583
497
30
99
368
696
73
656
237
608
482
73
164
616
401
286
103
420
500
634
357
435
223
672
454
141
369
621
654
533
72
24
517
324
408
258
407
151
674
69
651
296
425
568
342
526
457
358
34
182
667
553
354
398
314
662
20
685
173
672
353
102
585
604
119
56
308
126
430
662
203
107
454
330
122
482
196
446
683
526
15
172
650
237
90
96
9
366
91
568
451
55
183
519
695
228
56
386
459
227
339
462
403
441
604
633
203
172
688
449
57
92
416
598
499
205
590
82
102
45
141
412
344
324
601
410
187
431
24
5
566
242
184
576
670
309
291
699
579
185
340
433
460
308
35
404
666
639
580
131
617
92
572
94
157
53
200
400
161
103
362
590
160
689
565
672
523
260
657
611
349
63
268
168
494
691
571
671
640
387
636
330
163
482
294
531
564
676
270
535
136
686
681
542
112
82
211
492
351
357
640
90
390
146
668
602
204
412
232
549
273
417
51
156
119
491
680
503
326
482
401
634
94
529
623
661
322
7
166
20
308
134
563
112
620
369
130
570
299
392
35
466
608
4
508
421
463
132
144
438
300
133
518
105
61
610
89
545
456
246
130
294
256
192
113
467
684
15
196
512
264
93
603
607
479
384
29
3
640
229
15
439
635
85
521
165
219
15
568
309
509
116
529
252
519
335
553
61
565
106
375
68
268
141
135
191
289
642
277
595
247
325
359
195
427
305
245
635
308
601
233
620
57
658
492
170
108
219
495
167
452
619
642
46
169
349
645
173
46
354
386
174
616
561
228
613
664
164
179
41
234
94
687
42
671
58
235
267
295
16
128
663
295
201
289
501
503
4
637
519
80
60
535
195
323
147
693
521
683
55
484
435
455
102
205
300
224
344
222
263
84
598
244
212
511
62
301
83
48
305
698
500
311
511
125
616
622
526
189
653
463
687
526
243
335
521
418
365
99
209
219
554
542
277
628
167
150
220
151
235
394
558
538
58
432
677
111
267
183
363
378
480
629
342
685
135
538
286
100
115
369
336
503
74
573
242
19
519
82
462
544
685
226
676
228
689
85
658
296
2
510
623
550
205
22
207
360
563
660
38
294
427
73
648
278
310
162
536
502
225
529
140
602
429
696
319
127
570
581
348
217
191
45
142
432
518
394
122
223
348
474
376
680
173
236
540
355
466
242
615
331
283
259
463
31
406
613
547
247
297
230
286
362
676
93
571
408
486
379
418
215
329
680
530
179
353
247
537
599
531
328
412
15
527
580
75
56
200
621
343
362
209
637
185
616
421
249
211
123
608
500
565
311
258
621
442
75
356
250
634
423
284
18
223
331
531
365
116
152
286
545
282
145
523
576
505
148
521
152
466
227
619
637
102
194
54
469
652
372
217
96
114
184
559
94
437
295
204
364
683
289
224
19
47
227
250
148
38
276
45
613
241
602
238
310
289
267
226
434
397
4
20
219
12
454
27
236
457
276
8
614
322
224
602
663
561
673
412
465
558
508
321
624
563
514
377
580
53
556
91
486
620
560
244
363
74
558
115
288
432
284
197
155
82
292
131
2
445
605
672
580
170
598
17
121
342
87
399
24
651
393
133
154
84
264
489
79
584
454
358
315
50
530
468
371
187
496
445
669
439
190
191
332
360
406
207
38
425
618
142
457
21
494
72
154
238
67
174
173
563
515
604
382
394
361
648
241
581
23
136
461
198
341
141
643
383
145
501
276
326
602
322
219
607
213
72
654
193
383
509
415
464
224
663
676
88
265
29
316
585
151
84
169
313
150
130
58
533
64
558
337
334
679
446
472
354
690
97
224
40
623
176
638
307
20
480
126
542
239
541
397
206
309
153
209
621
77
537
478
63
332
61
255
271
160
227
372
365
675
51
390
49
590
161
71
405
174
236
681
612
238
462
424
373
98
118
85
408
168
291
229
468
446
569
164
354
512
604
102
136
310
638
380
585
545
680
624
524
52
597
109
182
171
566
396
592
593
101
455
161
696
468
1
235
529
229
499
353
631
261
317
419
654
30
230
212
219
179
351
10
32
350
603
132
547
576
688
606
665
151
37
216
649
4
2
491
643
104
501
85
505
347
533
563
109
382
410
195
123
171
627
64
239
206
316
12
573
649
430
557
38
501
313
42
66
522
66
499
47
426
456
494
327
459
407
340
568
317
400
95
542
640
472
240
111
157
579
113
61
0
696
540
133
521
487
438
651
587
330
161
34
369
142
96
585
445
471
294
380
256
203
63
422
172
186
370
249
77
113
401
185
167
530
238
666
399
608
193
270
26
327
601
78
580
360
524
486
60
454
66
323
285
243
445
107
242
85
65
546
403
72
385
466
124
137
432
479
69
196
129
243
661
479
384
242
170
596
590
292
190
213
468
165
401
271
71
671
514
53
61
571
677
359
2
295
598
691
335
409
541
60
279
87
633
85
667
687
22
379
585
487
563
580
95
14
590
233
359
611
642
593
302
111
99
635
11
141
521
600
103
181
134
89
379
188
478
674
202
1
171
125
235
322
126
376
352
474
601
547
250
686
672
532
423
90
690
81
512
662
481
158
532
572
508
204
594
227
256
43
614
274
452
401
52
265
481
604
153
513
151
285
40
367
671
533
180
644
388
245
470
407
515
527
299
176
282
416
301
339
356
60
77
546
606
529
655
12
391
491
600
477
648
482
70
522
162
101
445
437
17
673
240
425
344
556
273
449
44
473
279
276
338
261
364
265
623
3
354
649
79
496
461
348
48
137
180
606
325
426
9
217
220
674
438
407
437
63
418
92
108
370
587
116
569
89
516
87
429
620
670
16
201
335
608
171
221
681
139
585
197
146
400
489
546
522
67
673
282
157
363
627
306
326
246
83
496
549
661
388
3
634
466
658
217
181
544
37
453
305
504
230
566
449
685
378
609
430
484
229
600
414
561
686
155
28
171
350
383
556
511
424
542
205
524
542
336
218
560
349
559
46
62
126
464
178
584
492
170
446
487
365
171
386
488
468
668
563
375
134
103
675
204
171
586
165
589
180
410
690
361
451
21
83
437
320
241
14
520
215
574
668
200
42
440
143
55
475
233
434
523
11
487
675
535
555
97
55
384
103
574
196
119
232
46
568
449
696
294
316
554
251
484
420
650
554
428
167
263
376
596
68
17
585
276
550
378
100
579
373
616
688
412
320
321
569
440
669
69
86
84
19
548
311
460
81
578
668
609
508
229
380
125
176
35
598
305
231
241
381
562
396
347
468
385
92
348
87
592
686
71
226
235
122
230
82
114
684
674
299
287
630
492
596
56
491
646
584
106
150
18
437
513
478
572
105
42
34
539
651
336
467
608
657
262
690
417
653
3
442
141
617
668
689
309
82
178
667
594
318
76
322
193
449
273
604
114
164
195
216
488
408
647
459
36
523
5
169
59
555
574
359
428
505
319
451
251
397
537
493
509
388
536
135
375
51
549
321
434
274
479
540
669
30
683
346
274
42
592
530
609
144
476
276
574
118
631
215
382
420
539
182
129
270
375
439
455
516
110
433
289
629
323
69
323
1
566
347
564
467
598
330
616
606
527
510
294
415
628
126
106
381
173
350
562
48
41
238
398
188
288
129
304
86
588
272
306
321
15
361
508
153
317
206
507
442
419
326
224
652
542
657
321
325
687
361
82
537
257
24
216
111
377
354
296
364
129
328
297
567
402
25
37
495
137
513
361
25
332
487
387
358
478
116
570
446
367
201
387
238
480
535
187
244
593
76
436
598
387
244
227
665
13
8
563
274
346
488
393
231
496
90
492
598
576
249
190
660
571
310
239
84
387
674
273
512
78
212
370
488
41
121
15
63
222
125
77
458
258
58
583
80
393
2
295
240
597
301
295
332
575
552
354
456
449
428
44
286
80
127
586
112
332
33
317
225
252
505
369
209
611
686
493
596
197
439
305
173
165
307
345
507
72
141
664
397
399
300
508
457
301
460
226
268
595
637
546
344
428
219
653
359
348
573
32
233
367
276
379
292
592
538
165
598
400
216
174
181
397
95
620
589
365
20
329
373
62
528
147
524
576
436
51
494
304
562
602
354
613
215
648
167
16
425
159
16
247
139
467
158
9
111
516
442
412
51
279
366
559
186
329
71
232
234
157
424
634
347
271
467
24
649
307
408
621
62
529
455
458
471
118
133
669
582
474
340
567
449
474
378
390
290
525
585
115
587
419
90
426
196
562
511
417
260
682
657
112
53
104
133
415
59
286
407
460
151
53
302
131
16
317
484
302
228
284
609
462
310
650
280
296
343
681
314
101
388
482
599
506
182
551
663
1
563
232
148
551
403
425
448
540
227
673
130
434
14
286
37
151
106
299
538
248
219
682
27
626
322
386
238
633
355
466
604
461
592
515
284
148
655
329
607
228
125
397
248
587
121
393
604
323
550
508
545
333
143
493
303
326
17
186
168
574
554
676
562
45
639
675
251
280
456
395
424
193
692
159
315
430
391
12
312
117
412
361
592
447
58
65
92
64
488
552
23
437
391
89
686
300
107
373
425
91
344
467
518
624
416
494
302
462
189
187
510
601
415
62
496
38
192
557
627
145
204
340
580
495
279
112
346
406
647
6
160
332
427
478
686
11
682
52
528
306
583
202
691
233
542
367
46
556
12
504
658
428
185
143
681
668
273
81
569
11
38
410
257
324
151
201
609
553
577
551
303
345
175
49
663
25
165
84
693
85
126
107
14
442
210
430
411
255
135
115
426
249
677
53
472
543
524
397
661
24
401
230
114
485
51
133
606
476
635
583
690
127
20
238
375
235
588
682
532
90
180
66
203
89
16
305
365
405
322
321
228
506
274
585
72
275
691
550
178
271
55
297
8
190
597
10
541
589
477
623
408
691
386
628
3
609
527
212
243
623
140
23
613
547
26
397
79
265
55
4
95
250
569
4
269
142
281
82
279
241
528
353
418
646
253
355
591
569
268
320
434
266
340
324
224
164
337
96
424
272
602
96
698
507
140
149
190
507
12
503
275
478
298
268
692
663
462
402
605
16
50
153
609
677
481
606
381
517
138
278
141
40
307
252
600
583
122
484
659
113
400
634
290
183
277
557
243
655
683
463
331
279
483
48
127
122
100
367
527
134
225
413
286
485
265
270
307
535
360
274
684
191
549
308
41
472
439
281
525
525
533
260
264
360
525
595
577
90
340
581
2
534
291
342
271
154
449
331
593
231
545
376
227
503
147
233
91
155
448
685
462
504
402
381
436
445
500
108
469
455
194
690
435
164
370
260
204
287
198
86
156
470
442
261
602
171
645
511
668
294
360
535
95
436
561
110
648
432
617
366
363
60
119
592
48
659
679
492
352
20
117
74
257
598
679
34
659
4
351
285
6
440
533
379
583
519
156
641
475
432
348
691
577
407
541
538
430
479
194
418
132
292
95
148
409
308
279
687
294
342
353
532
532
315
253
196
32
149
488
163
582
362
161
293
682
325
592
535
610
566
45
451
284
529
47
608
454
594
668
39
675
283
411
154
57
170
266
147
492
441
149
77
230
698
340
458
248
518
116
113
539
480
555
305
370
533
380
61
564
196
222
354
63
279
371
387
595
116
297
547
279
58
44
658
234
298
540
327
252
358
420
556
497
3
85
326
339
426
684
117
556
217
84
275
195
203
418
491
409
454
182
67
237
459
115
435
541
338
281
403
275
532
355
575
352
520
657
521
27
583
205
203
383
343
376
68
399
126
449
68
206
379
596
609
628
30
488
135
303
377
373
378
585
388
486
12
460
193
430
283
354
388
215
350
587
697
667
507
437
665
47
367
67
447
607
419
231
601
617
132
514
585
619
482
432
240
351
622
183
510
155
150
556
267
215
277
483
673
511
653
507
19
32
550
17
366
663
360
87
56
325
105
351
115
163
59
106
81
165
303
169
501
168
249
596
492
316
447
25
203
376
319
332
480
372
1
407
660
74
42
132
161
141
343
339
622
256
401
96
30
133
493
393
308
660
128
190
245
181
287
203
523
653
448
534
586
175
207
290
413
593
453
333
506
343
481
59
387
84
166
639
345
199
619
203
540
432
326
426
154
176
483
648
68
17
50
14
391
116
8
508
597
238
1
309
246
605
74
381
607
174
73
355
668
578
696
363
398
331
700
140
322
35
554
557
415
628
201
248
649
563
516
294
47
164
255
392
683
203
92
545
660
152
593
54
336
437
3
456
204
130
213
178
173
92
126
591
498
292
478
316
478
65
645
383
162
173
88
416
103
25
108
113
261
645
552
607
273
260
375
290
112
615
594
144
491
687
573
453
252
424
335
395
45
111
114
567
359
342
269
22
109
616
313
210
263
64
290
684
67
96
35
267
623
460
52
184
267
572
513
142
578
499
389
387
10
217
365
339
90
232
464
345
688
393
372
393
96
362
248
273
309
199
248
233
230
498
367
222
277
316
66
388
459
451
250
83
441
670
111
93
76
48
248
100
9
93
449
653
24
20
35
249
240
552
500
457
411
613
607
98
494
47
111
359
473
644
627
446
596
570
104
395
653
7
331
533
213
95
318
482
598
402
676
453
594
171
145
272
391
475
570
110
216
665
85
512
651
605
303
429
504
374
284
501
293
133
542
659
525
581
297
365
573
413
364
390
467
435
275
63
619
660
647
10
220
560
131
389
646
601
426
436
548
71
611
348
220
127
82
686
81
124
212
644
420
345
401
416
578
678
205
239
247
159
101
142
541
645
522
78
300
166
340
669
51
686
88
191
565
528
91
168
350
452
340
584
430
17
213
502
502
390
206
700
52
478
552
8
194
304
120
330
92
332
629
129
542
274
291
431
608
134
431
621
242
290
630
24
48
546
643
521
467
192
433
267
420
199
680
654
413
29
223
66
360
569
692
161
152
41
583
431
464
656
221
412
440
545
558
564
462
220
570
15
602
590
182
238
193
61
458
657
442
610
134
188
104
238
229
130
575
509
700
135
385
278
274
60
589
384
162
698
521
466
233
482
250
433
40
343
278
5
645
241
443
7
274
382
430
437
230
130
208
555
429
332
100
397
287
395
315
315
459
405
550
474
423
112
45
109
295
353
403
108
323
230
411
535
313
544
100
506
135
45
376
574
277
84
562
441
44
165
103
687
154
661
360
128
275
390
544
425
648
633
31
393
288
457
545
378
616
337
435
370
499
408
45
320
240
348
168
138
409
68
441
177
235
363
259
587
623
174
673
8
437
83
573
60
632
210
213
492
657
661
689
55
142
564
638
109
101
325
167
673
284
129
53
458
254
209
134
210
364
201
526
312
558
205
516
136
487
100
180
375
253
239
312
594
107
30
557
572
348
561
193
573
383
667
397
499
252
375
36
5
373
189
17
211
248
292
180
617
637
51
221
405
555
346
515
574
291
553
49
58
588
14
49
196
148
19
400
640
307
553
416
297
73
574
227
205
301
226
155
677
365
262
698
524
260
245
468
552
520
451
381
169
466
42
439
441
285
396
177
144
365
332
167
491
151
157
186
30
15
283
100
235
508
498
17
257
483
664
53
30
139
487
263
290
621
662
146
654
404
261
346
555
624
373
178
449
191
129
431
261
561
419
606
283
87
430
594
334
581
356
367
66
274
692
329
377
93
511
601
433
651
319
161
675
195
184
493
26
55
547
214
655
646
365
537
491
567
400
538
546
225
288
553
390
318
131
652
640
85
144
229
277
643
669
313
552
473
266
257
440
567
589
129
189
283
587
145
188
10
640
504
674
508
687
130
364
235
287
673
677
224
526
200
168
27
608
240
205
136
100
31
454
296
581
195
355
302
619
292
121
158
632
373
163
38
677
4
24
65
406
652
107
503
22
211
698
578
189
8
391
636
470
620
507
179
137
449
245
0
448
1
664
440
295
575
173
3
691
576
172
39
41
241
60
31
647
126
193
30
420
90
627
638
112
313
47
624
608
152
268
123
40
39
579
119
492
595
633
526
391
624
584
305
515
454
379
477
183
102
163
282
175
156
368
216
176
98
261
659
162
513
592
648
90
283
211
299
313
618
54
112
97
658
575
655
322
4
326
543
600
685
474
290
178
313
140
129
500
60
326
484
102
169
684
69
532
7
137
292
78
164
404
41
289
698
101
513
374
17
583
560
504
121
441
637
700
590
51
29
371
587
463
468
184
499
193
415
135
347
68
159
81
690
555
362
571
323
297
452
685
630
476
272
473
222
354
469
249
124
459
616
566
163
162
309
186
4
393
173
35
397
306
350
148
518
416
59
441
502
118
150
178
322
336
627
265
185
506
371
572
398
206
563
319
280
662
82
689
531
74
54
96
555
111
36
335
174
85
545
99
500
402
642
399
189
76
115
463
279
584
398
492
603
585
133
695
164
367
339
173
491
286
515
386
41
117
642
484
237
501
90
595
457
126
342
133
545
265
318
695
