2235
528
876
1234
3708
3182
32
206
3141
2842
256
1344
1667
1700
245
2430
3229
933
377
2614
506
3478
1048
2232
562
2368
463
3594
127
234
3073
3974
1828
534
3492
1793
2810
2370
2926
1280
1960
2040
1281
1872
3290
2762
1514
570
977
3818
783
122
2130
526
2535
1050
3172
419
3807
3367
139
1372
2204
1848
562
100
404
393
176
62
689
1777
2204
722
2300
3376
13
1270
2164
2220
2528
340
1537
1199
406
690
358
3988
2033
132
3835
2185
906
1305
2618
2381
1619
2282
1610
3478
3374
246
173
2038
228
170
3104
2158
3360
2233
1553
2400
2954
1270
3312
2719
3404
158
3058
1746
797
2073
1513
294
1161
3790
1346
2236
2442
2269
3168
1990
3814
3209
2069
1630
2250
142
1968
1298
3764
2773
3014
2208
3654
831
3998
3781
1166
1427
1308
1918
1936
2286
975
848
2414
3982
2322
2354
1036
3200
3178
1790
135
1915
3728
1906
1260
914
2216
1892
1742
2563
3470
962
990
2836
3185
2874
3196
721
2848
948
3421
448
2655
2318
3313
2628
1144
1210
2675
3542
3672
619
1748
824
310
308
687
72
1998
2224
3292
1942
1060
3598
3602
679
2035
1634
2081
2570
2304
2408
912
308
2119
63
3739
1632
297
627
1722
2718
1647
1071
441
32
408
2677
2320
2148
967
1090
2975
3450
2308
182
2456
2528
1164
1144
2378
2
913
3236
3735
3527
694
1560
2095
2215
598
3608
969
1373
3532
780
3016
3123
1925
1990
3662
1147
3681
2436
888
582
3636
3852
903
2145
3148
714
2276
770
3733
1948
3370
136
2606
1072
2498
886
3622
890
3495
1914
3056
3714
3680
1906
886
715
3651
777
2246
3990
943
324
2004
46
2242
2716
3556
815
1772
1114
292
1201
546
62
3940
1512
60
646
3334
2978
2340
1150
426
1172
3856
1788
494
3156
1494
739
3904
3518
2392
2810
2853
1820
734
1148
3452
474
1027
2176
485
3624
2020
1274
2158
217
2283
964
2954
1816
3980
3278
1920
2198
3288
2516
3450
256
2076
3640
1559
3625
2876
2624
1347
3888
2478
3506
1152
2876
3488
1472
3934
3891
2142
3314
3260
3023
424
2495
2043
1838
3598
1145
1428
1858
3789
210
2641
1444
260
1688
3030
178
1226
3930
2852
3510
150
26
3010
3688
738
3049
1286
732
3826
1154
1088
526
2823
3094
3236
3075
3992
3109
1718
1413
3802
3290
3788
175
2892
3064
89
2558
100
1517
3352
3948
3026
1504
3879
3752
155
1808
1412
218
1672
778
1712
2673
865
2029
2384
740
3206
16
3278
2489
1019
1228
709
807
952
3828
2333
2936
3886
3737
1686
3874
2933
3211
3998
3110
1162
1484
3551
1585
3050
1752
719
3346
714
1932
3231
3668
3174
492
3678
300
2546
1842
2454
2270
316
3112
1759
394
144
3202
2336
1668
3936
376
1121
3376
3778
2648
3782
10
2370
340
3380
1595
2978
2430
2259
3116
3439
760
2678
1729
2882
596
262
620
1594
3748
2403
2696
1670
3497
2744
2608
314
3486
1490
1220
82
2278
774
2948
2572
1854
2830
2194
3328
2220
1884
2952
1613
2725
1560
725
3359
3083
2084
1796
2196
2246
1659
3186
110
1060
2194
2380
1322
2308
875
3500
2264
1238
3710
3380
2864
2377
2332
2014
2306
3330
3937
278
1672
1938
2415
3150
2610
1720
131
3634
1992
1900
582
2597
2630
3093
2302
2662
1308
3398
2330
3408
2990
920
3224
1348
2014
2880
618
512
3242
646
1646
67
788
1710
2746
2230
2382
2390
3964
1269
2124
2058
1237
2656
3219
3721
1625
2482
1206
34
1698
1664
2212
3164
1986
2157
1783
30
1694
1909
2002
902
1112
2050
1756
2248
1054
2138
88
2316
3326
3149
1548
2624
190
1000
1500
2396
3674
54
2122
3536
3251
192
1732
2199
1436
800
3340
824
323
2107
3074
1312
963
1080
525
844
98
1562
3642
3878
1716
2668
82
1170
3216
2818
2626
52
1479
2368
3700
636
1577
3354
3288
860
2226
1280
2435
316
3220
3338
2068
1284
3156
3262
2720
3022
3876
1770
3798
2894
2656
3332
1174
2859
2103
1234
2510
3675
676
2698
2754
730
1574
2139
354
1470
3892
3630
1677
3494
2898
3402
788
2854
1494
1166
2734
1052
2806
2754
3699
3181
592
1606
2336
1764
2402
2438
87
2721
2979
176
3666
2783
2387
1896
3890
3883
1344
2078
2552
1740
2744
1942
2098
2436
1815
766
443
691
2310
1858
428
402
1710
3990
2529
3934
366
3499
2134
882
974
1748
767
3747
1972
3698
2178
1908
2553
1956
3544
3167
414
883
36
3490
572
3378
560
2051
3710
3324
1315
3508
1363
3590
439
442
2089
3482
753
3474
574
3858
1118
2041
824
532
1422
1616
748
2530
388
854
1686
242
1366
1776
1668
2720
3560
1329
3541
2520
1035
1292
696
2202
2032
1254
530
2439
3147
2379
352
2850
3698
1836
3796
2637
1176
1418
346
2848
3523
2232
2682
2792
3752
1670
3572
1850
2735
2210
3320
2234
2596
1208
2512
170
3983
1370
3916
345
2532
1628
1388
3650
2927
3991
1536
3330
3846
1523
1017
1508
516
2532
1628
412
3004
1049
290
56
1928
3420
3225
3368
1730
2138
3730
3120
1208
3382
934
198
2249
3787
924
2335
2476
3493
2366
2938
2003
3628
3549
1844
2861
1612
5
1028
388
2057
3732
16
324
847
3837
2962
3862
1026
452
746
3248
952
1489
3943
676
1707
2564
1352
3994
3828
1945
1694
3290
2776
734
882
410
611
2086
3952
2802
2586
2171
2181
3645
1122
3200
3884
648
1018
1106
2546
1822
2600
3154
835
3449
1550
3358
3866
2817
3157
1034
1779
1758
554
772
80
2455
1514
48
3996
3734
3994
1718
1644
1532
2046
1425
685
2768
3792
1658
3840
3832
1105
3020
3986
3816
3672
1389
2329
3936
2893
3423
1760
1313
2364
3080
3184
454
1482
3794
2032
1362
792
2584
3354
3428
435
1086
1062
884
1600
3582
2148
3286
2005
2878
2343
904
204
1300
786
1761
622
1151
2224
2706
2464
1084
1449
22
2134
165
850
560
1565
3595
1408
801
3692
2966
2581
1008
1586
26
2236
1742
300
754
1064
1205
2314
1330
2802
3396
2749
1376
1883
2906
3259
1022
338
668
950
2838
3414
1270
855
1474
988
2541
1683
150
2738
2950
1627
566
1711
699
1676
1304
1906
1223
936
2876
3638
3941
2532
3881
1115
663
1842
1630
2470
2606
1452
1889
1104
1664
3168
1412
3930
2696
570
2448
692
707
3596
2756
1508
154
3834
2800
907
1774
2253
3860
1082
2639
3734
3962
2545
714
3156
922
1660
1251
2715
182
2644
1660
2847
3582
3761
3705
698
1978
282
1228
3782
448
320
1244
3564
3420
1985
344
2756
840
376
2046
2602
946
416
1556
1722
490
545
2191
2106
1510
455
1116
1384
3554
440
2650
224
3365
506
695
2409
2393
2258
3399
1735
3824
129
2980
1009
432
2664
1626
2277
28
1478
2600
1957
482
3630
2209
434
3043
1694
1586
188
3117
3576
1868
186
2458
1994
1120
1149
2449
1294
3014
820
756
1835
3012
657
1898
3868
924
1952
2480
2692
3568
2578
397
2580
3054
3503
20
802
1014
1894
1866
2730
1024
2726
1665
2734
3762
3515
682
3614
808
3302
284
2896
2862
1592
890
1754
1522
1660
1988
2831
3701
1078
2875
3299
3456
3470
3000
108
2538
2922
1262
3776
2188
3846
2586
1290
303
628
678
561
3922
2422
3454
2872
3452
3210
1108
2271
3336
1256
3385
1689
1231
3664
1624
3101
2680
2814
157
2007
1384
2358
1321
3393
3376
2809
998
2518
1706
1366
3844
3519
1472
3652
14
3026
1252
538
2747
1573
3684
2132
288
2736
1814
208
822
2608
338
3760
2996
1431
1501
2383
3730
3872
3286
3395
2950
286
2968
3538
2652
2622
2902
3750
3648
65
3938
2684
2375
922
1468
3002
3990
2903
330
2844
2982
3351
2252
3552
3339
1640
274
3606
3500
2698
2634
164
898
3110
1340
279
2444
3198
1362
3954
1567
3400
8
1043
2128
244
2206
3071
1120
1584
3934
2884
84
3279
1442
1816
18
648
622
2604
2808
2750
2165
1304
2100
3732
1268
3893
1376
3984
3792
69
1700
1484
1170
3950
1091
1904
940
70
340
2104
1862
1359
3438
3384
1894
2074
1240
3002
916
3836
3564
144
3028
1736
2359
3795
1246
1142
3062
3254
2589
3088
1422
1739
3812
3666
3927
1650
1678
497
1820
104
2130
1334
1539
1466
1998
1995
1762
207
2548
2840
1898
3431
2054
2216
3612
480
3001
2154
3524
492
1936
2805
862
1343
2049
3292
822
3484
2803
985
868
1194
116
1610
2930
391
1328
2646
2560
2930
3772
3996
3567
1481
105
1434
2753
1596
2878
2944
2904
1860
2782
3836
1430
2399
2595
870
140
2778
1680
226
2686
2102
1828
446
1426
929
3864
1419
2102
1604
3444
2298
2488
1036
566
3878
250
2723
2093
1249
1456
1089
2948
2527
3702
3617
1075
3099
2676
603
2422
728
2320
1374
3925
704
2784
1546
2910
1980
2122
3398
1615
912
3736
272
2934
578
2501
1980
2254
590
2469
1656
994
404
1962
3258
66
107
3054
1022
3396
2598
784
2616
808
2294
3608
1744
2336
2106
3888
3091
2032
1428
3467
3578
102
1772
1424
1880
3750
1720
1065
2988
1778
2152
3366
1499
3058
1884
2298
2416
1888
3458
1998
1284
1700
3587
2438
1869
306
106
3847
3819
2688
1685
2184
2593
2908
111
3466
1471
2668
480
3537
1574
268
438
3526
1980
610
1680
3388
756
2566
3468
2434
414
3095
1814
1520
3324
2716
2477
2720
3913
100
2201
1099
1905
1212
1236
1266
2285
3570
3851
1568
1912
2356
236
1110
2274
3262
1230
2498
2186
484
2960
3085
1975
3230
2871
1784
2192
1591
2173
171
3174
2238
2684
1970
1066
3828
736
1862
1140
2244
2780
3345
422
2221
399
210
652
3778
1558
2113
978
2834
210
1876
2137
1543
2288
3635
522
227
3609
3352
252
204
1536
2331
1856
2845
805
190
2807
2468
396
2408
3410
3504
2174
1846
3337
1852
3201
3392
2483
2624
1365
1252
1964
2636
2474
1330
1210
3268
1713
3540
986
1180
3921
911
3304
814
2650
1532
1910
2126
2036
3282
522
1122
3494
3188
3302
2188
292
1016
2190
1943
2158
3092
3746
1732
3328
632
3802
737
682
1300
3618
3793
3766
1871
238
621
2582
2254
1648
334
3517
3852
1166
2892
2572
3989
1756
1415
3940
1715
154
1556
3144
1394
1152
1552
2863
2284
2316
3854
1380
1666
3931
2342
1380
724
1028
2710
3862
612
1391
2068
2091
514
2280
1094
2110
2434
1593
3375
936
1863
790
2266
2771
726
1004
584
1368
3510
870
3212
3572
610
1518
232
964
598
44
3656
600
2195
1598
1690
1282
146
1018
3132
1186
1370
3916
3642
3658
1014
2934
1146
3256
2907
3618
2769
2804
1450
1614
3814
411
3364
2156
896
2940
3867
3882
761
1545
3864
1324
910
750
480
2062
684
2722
1048
3413
918
2463
460
3770
3502
1360
214
1015
1276
216
1454
1635
2494
1021
50
2408
2938
3466
3034
238
3428
2064
1267
282
990
1785
3992
744
3974
1566
166
3836
3502
178
870
2992
2188
3899
1300
262
2794
366
1620
2265
3070
3344
2352
629
1409
2334
1078
2510
2599
601
931
1692
1394
3924
3051
1306
3834
3192
2319
1319
2718
3572
2909
2194
3558
3437
373
2666
620
864
626
172
937
1156
470
3160
3266
806
3196
418
2519
557
554
1643
2192
3984
3013
2798
2873
3065
302
1271
3885
382
989
422
678
3480
3866
2070
3663
1096
2854
1658
3581
3226
3297
1826
1486
899
79
2076
1542
2142
3691
2968
424
1806
2828
742
2558
978
2052
3908
2488
2579
2254
2187
1770
1128
2600
658
3736
2461
1178
3840
2558
3390
1924
2468
2618
3068
3102
3176
3870
2612
2542
900
2218
156
1352
2022
1048
3131
3896
1282
1493
2588
1072
1544
2998
2391
3408
1157
1374
2704
2690
590
2841
3912
2936
1265
1134
3220
327
2920
3186
1799
864
778
532
2790
1709
591
3242
1264
2901
2180
3276
745
164
1570
836
3187
144
3072
3464
793
2094
742
347
558
451
225
1572
759
364
630
204
530
82
344
1580
1278
2186
2370
2294
746
1749
2384
1597
684
973
1818
2210
2700
654
3961
634
2687
520
2588
1916
2396
1538
624
52
1636
3986
798
1509
2828
568
2170
86
1132
3473
275
2120
1159
1460
408
1077
1690
559
1467
632
3575
460
2117
3808
3558
3078
6
756
1451
724
1575
2352
2810
2428
3397
229
1441
236
900
1589
184
2146
3310
2914
3008
3034
493
3488
350
2726
1246
251
2059
1432
706
773
3726
666
1654
3907
2402
936
3566
3261
1800
1336
1518
1318
248
642
3298
1696
730
84
2922
416
1834
1142
112
624
403
3596
838
2367
117
1946
0
3442
3010
688
2026
1740
884
3487
1770
1216
75
3430
1832
3682
2648
211
54
456
618
3318
1536
910
1400
2524
3706
2028
2016
2514
3122
2454
2312
1324
37
912
3198
1936
2672
2314
2020
2094
2846
2889
2602
1601
389
3106
1042
488
1642
1286
3872
1763
3311
1728
2502
3479
2506
3052
170
1878
2851
1745
138
2284
2110
319
1792
998
1962
858
768
1968
736
1548
3667
1222
272
649
1256
2951
3237
1626
3788
551
475
961
27
712
124
2556
1108
1594
2278
2736
3212
2916
1369
1399
2004
2578
3760
2551
2480
1395
2523
3533
1306
3195
495
2886
1134
2897
3012
70
3916
1888
3936
3704
1526
3821
199
3786
314
3880
466
214
2498
3245
462
2108
2374
2039
940
2376
1818
402
1050
861
3530
104
968
3005
2326
934
2958
264
3184
186
3320
2396
464
3108
1634
976
1354
633
3018
1384
92
2918
498
2852
1158
108
3902
3639
926
3325
1940
2420
3203
2064
3463
2452
1283
891
3008
1007
2993
1932
2574
2159
3560
3563
3955
1678
508
364
1285
315
3887
1636
763
3652
3411
1600
1969
2418
242
1480
473
2764
3015
2486
2178
3554
476
734
1348
970
350
1919
2824
2674
3342
1200
116
2659
3756
1334
3850
32
479
341
2710
1774
2948
1200
3138
3884
1194
1556
1496
2926
731
1216
3958
1549
994
502
2573
3465
3476
3848
2394
1138
594
3715
428
1726
1657
2426
456
818
2155
3118
384
959
826
2626
3208
2846
1155
3522
2258
3134
2306
2709
234
3230
1323
674
3926
1078
132
908
400
2517
3598
1986
1211
2424
3055
130
2988
134
2023
1599
254
628
2503
3045
668
3054
3418
1848
3579
1566
3363
2646
909
1156
596
2651
2307
1868
878
1370
254
3366
1266
3194
2493
1180
587
2856
474
3200
568
2212
658
2108
154
3771
2528
3433
2034
829
1340
1008
276
2425
1023
2496
3632
1354
842
1322
1508
3340
1478
2290
38
1093
682
3269
363
2060
658
826
1792
266
96
3410
3410
3914
896
718
2340
3825
2982
1566
1902
2786
600
2956
1407
1355
14
1570
3040
1530
2405
161
992
3244
3382
283
3114
2008
1490
2774
1492
280
590
939
286
3124
3372
3146
811
2471
1185
3555
1364
2557
2925
966
2229
2744
2625
3170
2001
2862
982
1040
3767
1129
3202
1326
374
2692
518
2378
22
339
3316
1516
3540
2500
410
994
3142
354
2900
2533
440
3007
193
3588
2321
1417
2990
3322
3552
312
2966
1669
3583
3067
3520
1144
2067
2474
3432
3930
2645
3610
2133
609
1758
3356
108
2985
375
2216
3776
85
3544
2601
1255
3869
2776
1167
21
1816
2246
1746
780
1296
902
1402
2869
661
221
490
3553
1257
532
2658
1495
1488
825
556
3170
3058
2605
2021
1687
148
3894
509
3928
1961
3684
1361
1878
1812
1074
826
23
1386
2272
1086
2986
3686
3696
2445
1935
2714
2062
1358
1732
1776
343
1221
2130
1088
1434
3880
3166
2772
1962
1809
1148
2838
3640
1826
3558
272
3958
2882
244
738
1747
2394
3670
510
1220
1412
3531
3981
2276
3561
1608
3607
119
3154
310
3106
35
1045
3452
1974
3468
2952
1418
1552
2344
2255
2965
1224
3623
1236
2351
3350
212
2366
3204
1338
730
1020
667
2266
3853
1926
2442
3474
3498
2050
1457
2464
1042
1168
2748
332
302
2994
2632
1146
1944
3620
860
2997
3358
3434
2163
54
1662
1274
3424
3578
3310
974
3834
538
2048
1830
1464
2100
2167
284
968
3584
3424
2486
623
1838
1790
2826
3946
3422
3977
1102
2796
3161
18
3724
2914
2490
1576
265
1002
3402
3392
3331
3562
3755
3964
1696
3240
1140
1885
1706
958
3496
3028
1292
476
3713
1230
2164
3796
507
2949
1996
148
3128
64
2247
3588
1622
3170
2604
2462
1596
3511
3050
3246
2055
2018
2328
96
1124
2214
328
1302
3126
3114
3300
247
2136
866
1304
3406
2714
1674
3764
504
2404
3798
202
2870
3100
1354
3012
3932
1950
3724
980
2774
846
792
1702
2633
3920
2937
1120
3028
3160
2178
2766
3780
3766
176
555
3534
1131
86
680
542
2984
1052
1198
2326
2118
910
3704
457
1136
2019
3396
1095
1460
190
162
803
3504
1290
1786
1302
2702
838
3592
2916
3264
2751
1586
2441
3048
1262
1118
1769
748
2402
184
318
398
2522
3112
2636
666
2999
804
2822
641
3184
2770
2206
500
1229
3774
3660
2369
3565
468
3674
1733
2569
2422
586
2085
2124
2448
625
2534
2554
978
3206
3976
2499
3412
1288
3920
2363
298
2478
3098
720
711
1645
704
791
60
500
458
1054
1544
789
950
3036
3585
946
2750
196
2152
2879
3233
2513
3618
278
2582
1742
3960
1320
904
174
1176
2309
3096
1445
1512
986
1038
3906
322
3350
1202
853
296
1901
762
3942
1165
776
1421
263
420
3890
1289
1385
321
2685
2
3718
880
2842
3386
1642
3227
2110
1420
2237
1991
3571
2371
2276
3164
3886
2353
1636
3514
1880
3314
3050
2070
3816
898
1612
566
1332
3956
2598
2080
274
958
3550
2740
542
3780
3868
917
3390
400
392
2536
1242
802
2849
864
3626
3513
1240
2460
3026
2894
1676
3694
3258
3294
580
814
1392
3762
1540
3967
675
510
540
3000
357
3562
757
882
3874
2632
2099
3176
2761
1874
1406
3494
809
3224
244
626
2778
112
852
2554
1070
1086
1841
3306
2431
3296
233
3774
1641
1862
2504
1022
2010
98
1911
3908
542
1188
34
2717
905
332
1580
502
174
2150
1184
1522
3436
1839
488
2580
2324
1972
1602
2084
1188
3206
1056
2238
1688
2244
2452
2785
2844
1242
1227
3270
1820
276
218
2204
1614
988
3044
466
3707
77
3524
947
2670
2738
462
2243
3082
3118
1661
3626
3626
3746
1141
2014
3619
562
290
1092
750
3898
833
2814
431
610
2832
259
311
182
2048
2281
2536
2630
1778
1966
1505
1254
437
3271
2156
1958
2373
1524
3521
3745
1311
3600
1737
554
3006
874
74
1808
314
3686
1794
418
1168
488
2784
834
3720
1335
226
494
1644
348
2072
944
1526
1101
34
2485
1351
3888
364
3100
292
605
618
1702
496
2986
3135
3974
1540
1070
2549
1150
1404
209
819
3462
3326
1331
2542
1030
956
2774
506
1798
2594
2147
2218
3808
1458
2899
3394
3442
2652
2356
873
468
925
1386
3863
976
659
3340
3386
3898
3928
3438
1954
2970
578
208
240
894
690
646
817
1390
897
2594
2552
10
1983
2022
1934
2804
450
3228
252
3302
1250
1450
1212
2072
1837
2712
470
2642
2494
3468
356
3904
2566
3182
3600
3022
2114
3988
830
472
2998
3035
3845
3776
992
332
2418
2916
390
2923
2944
3178
1582
2325
1892
1392
2203
2920
290
2780
3854
3984
3880
3684
1864
2570
2644
1840
1674
371
1119
1787
1247
2030
3441
3520
810
269
2827
2340
668
534
638
2984
1224
3076
1790
3357
1534
638
349
3434
1670
168
751
1214
2386
1136
860
3744
662
109
2044
2686
2929
1984
3435
2886
930
2272
3216
2700
3687
3154
3972
1674
114
2759
1210
1258
2062
1146
2963
1466
1416
2433
567
3604
2554
1716
1873
1156
2730
3066
2818
3775
1111
3305
496
3772
1804
2256
2227
1214
2700
3522
990
320
3949
3746
976
727
68
606
313
681
1070
120
1038
1644
191
3425
778
2287
1926
2141
2731
717
1658
3222
3262
2434
1838
1510
854
1063
2017
2738
3658
2258
38
2564
1690
1847
90
3926
1482
2400
1606
3652
257
2111
1184
2112
771
55
954
2086
2241
2261
604
1546
2219
2643
1375
224
432
1598
3176
3249
2710
59
2994
94
2977
2328
444
2980
2058
928
1817
2636
3287
387
1486
2912
2002
1954
3647
940
2406
46
300
2662
2450
3380
918
1276
70
141
3706
353
1193
374
222
2766
50
3630
2612
370
3133
3783
378
2891
3032
412
3242
680
822
744
1382
3274
1328
3335
1920
3574
752
3002
577
1058
461
660
3672
1134
1562
360
3615
358
779
2908
3882
266
1604
3954
3850
3928
198
3538
1080
3711
1843
222
2268
1310
447
1206
1204
806
1608
3507
1650
2746
796
254
12
1918
2348
3453
1999
2976
3958
786
3858
2096
3021
1752
2180
456
2050
12
888
1856
2090
3405
3080
1396
2074
3038
1762
2388
240
2732
415
3489
420
1773
1194
3754
436
2576
3096
1646
3897
90
3600
2502
2840
1330
1002
1204
1849
3682
678
3688
1092
3690
3481
3817
1160
1824
2497
316
736
3591
1529
1640
3388
3611
351
652
4
3744
3886
1631
968
3693
3802
3336
1651
1422
2034
1472
58
205
2304
2786
185
3118
2063
1908
775
466
385
2668
2518
273
3674
3496
3389
3744
255
458
2796
2288
3586
1252
3736
2124
1512
564
2768
2054
1950
2018
500
1888
3813
2515
1801
3624
3426
1728
1341
464
858
2918
1836
484
1946
570
2534
2322
1452
1346
97
231
1228
309
3183
2444
639
598
206
830
3723
3309
606
43
1446
852
2030
3164
1112
1488
3032
1400
2475
1830
1302
1112
369
3198
574
1930
2884
3273
2284
3120
3114
3312
1686
331
3482
1414
3987
1966
56
1446
880
503
857
2006
1192
3535
1454
1128
3960
1197
163
2374
230
1424
1044
3294
1981
1174
894
2658
3140
884
1671
430
3332
3446
2404
1972
180
1870
2866
1982
842
3570
2670
3504
2301
3162
846
3939
1010
2574
1178
1094
2812
2348
998
2330
1356
704
522
2943
3610
289
3400
2734
776
576
1448
1528
2129
1629
828
2940
2172
2656
1818
467
3546
291
3321
3738
2924
2239
867
3030
81
3143
877
1569
926
2952
306
1039
3480
3460
14
996
710
1076
337
1203
2686
3556
515
184
863
1620
536
1741
2934
2346
1921
416
2115
1258
1052
1116
1806
2616
3670
564
1560
2349
1127
2755
1250
2826
3030
1260
2628
3217
3550
1290
2708
2250
3072
3712
3454
288
420
2670
392
2815
1400
3919
2654
3150
747
271
3412
2412
2273
3766
2592
2414
3343
2206
1244
2902
3752
3300
3372
3534
3336
1900
2763
1109
812
153
3440
1861
966
1248
2743
607
3564
1181
2092
764
1722
2149
2474
379
2880
336
923
2616
593
2896
1704
3584
1163
1246
746
390
3069
3566
1870
307
6
580
2964
156
872
1978
1822
2862
444
1966
1896
3024
1897
2722
1662
1941
2248
425
196
380
2683
1516
3968
1590
3794
1041
2252
334
2560
302
3268
1190
1992
1628
2075
2450
1794
298
2646
3811
3601
2872
3166
2240
2280
454
3360
2814
2606
527
2458
330
2217
3944
3006
1178
3725
1239
3020
2760
2412
758
595
1730
124
3247
1548
2921
2642
118
442
2693
924
2058
3366
1542
866
1782
1766
2522
2935
2127
2808
2500
2186
1173
3948
816
152
628
868
3530
3822
3406
2454
2672
1810
3768
2166
1067
2200
3276
3102
2038
2290
764
36
3716
2623
2571
1703
1716
2697
2917
2969
394
3329
2094
3498
1750
250
1215
130
3708
2959
1877
2101
94
787
3896
1506
3634
2492
1990
1036
3602
2695
1564
3700
2006
2312
1279
270
3692
3540
2244
3528
720
3679
1855
360
1381
3522
2205
2105
2988
571
1295
3898
660
3826
3938
3545
3426
3605
1579
1298
2318
1403
1337
3860
1098
2220
744
1452
1278
2932
3978
1506
1030
1069
3646
1380
3179
3660
2008
2240
1106
1084
3855
2812
9
2169
252
450
1834
1812
3205
3248
839
701
3912
2002
3918
1314
3236
2263
2038
1414
2505
3186
1057
1852
1294
1186
2614
3638
564
3742
3158
202
1310
1856
3926
2423
3391
3326
1008
2798
1846
1332
3653
1273
1218
1446
142
953
84
1728
2482
1219
1386
2053
3192
1922
453
1551
2592
160
395
2358
3038
374
523
992
358
2184
1844
1802
1392
1522
74
1860
2226
938
2928
1238
520
3576
3491
3978
2344
1605
2739
700
2556
3110
1368
194
1712
3018
674
1372
2794
1423
1807
1767
3094
3218
2031
2792
2582
2850
3003
1639
1158
3284
2376
1116
1756
1320
1462
213
3317
1692
3011
3382
960
2065
3086
3812
2183
2339
2436
2424
1011
92
574
3763
1852
40
1878
1896
902
1960
2012
1470
126
2324
3594
3614
2372
1102
3548
2958
3905
2603
3298
3416
844
2459
1958
2074
2025
531
2832
1571
2540
960
1132
178
972
673
1492
2330
952
2488
2109
1858
2175
421
962
2770
1754
741
1073
3950
2860
3994
2816
3970
1357
264
3024
2638
848
2526
1066
42
115
3354
3070
637
386
1212
3215
2724
3518
2586
3076
3951
844
1458
3762
1774
1456
3182
2294
3979
979
1398
423
2078
3698
2096
3218
878
1233
2131
2016
1535
2293
840
1100
2508
3460
3864
2740
3682
3443
1836
3174
2296
2716
1360
2742
460
2924
592
3025
3316
1944
162
1342
2846
3263
1502
556
1542
3730
3296
2427
3098
702
427
3014
2420
3132
2066
3946
1040
1533
3284
3074
2052
812
3589
1241
2946
388
1788
1784
3658
2787
1280
116
3214
1970
338
2957
1100
212
2758
2458
1652
1398
2872
3060
1938
2707
3722
3856
3361
2398
932
874
2657
770
2678
3353
348
3136
1096
3307
2432
3062
3390
158
46
3037
1487
2781
3597
1727
1154
3720
517
550
1056
1932
2313
1418
1245
2360
1602
942
3436
3528
3805
478
832
3940
2870
483
2083
3988
1744
2470
2924
1736
2224
941
1616
3486
1982
2078
133
2240
3782
3829
3038
1394
2136
481
64
1859
2140
2250
3966
1977
2967
2397
1914
3788
3240
250
1622
636
1286
1576
2611
1376
1680
1845
670
1764
3483
3998
3230
1934
3620
1930
2010
1550
1162
1087
854
2726
3512
1698
617
159
1714
3254
616
359
2712
2056
2837
2760
74
1350
308
1401
288
2443
581
2104
1288
2750
2006
1090
239
3580
3371
2508
3656
1382
2858
644
2000
1390
432
3518
3697
1903
3144
1383
1576
180
2090
1142
1130
1784
876
2890
2311
110
2382
3820
1278
3972
2946
2842
528
2955
3276
2492
869
3909
3126
3547
477
2666
2667
1202
2992
3096
2350
51
3472
398
134
3709
1288
3849
3476
906
602
984
1538
1046
2460
2820
2317
3649
1626
3088
1534
2821
1169
2562
2144
3378
2544
88
1030
1477
2590
3738
2696
602
2082
1775
1483
3616
2196
258
2232
3918
3152
3648
2037
1085
1172
696
2634
3207
1894
3920
1750
2326
632
784
6
3306
1988
113
3362
2610
2526
3741
2702
2836
1916
2555
3680
1621
2128
1040
2260
766
1618
350
2154
1851
2552
1942
3158
3944
3822
686
2457
3544
3282
2928
2978
1515
3197
3150
1333
1696
3159
1284
3052
1638
3947
3677
40
1604
1953
2120
2653
3372
3255
2044
1884
2860
1029
2096
1032
2784
3945
128
2658
1320
728
2706
110
2764
3081
299
3712
1436
2620
1819
533
3415
1263
2944
3858
1411
1596
2511
3748
2550
798
3222
2404
1408
192
2462
1090
242
887
518
3980
3644
1902
2737
2960
2034
3319
1272
2362
3696
2790
2770
3077
3409
1074
1504
541
3770
2144
540
2278
1293
2486
98
3758
948
333
76
2938
3678
1126
1755
2347
2473
840
616
1190
2942
3602
2694
1148
2838
216
1614
172
3384
3124
688
1054
1243
2524
1924
196
3621
2542
3100
692
3140
3842
2314
3414
3804
1970
3208
3786
920
58
2516
2610
3370
686
1079
3136
1444
3348
3417
3846
1473
1811
1261
1430
1798
2438
2358
1371
1561
156
3798
1236
2386
228
584
2114
218
1814
42
908
3703
3442
684
2788
1327
1072
1622
264
3010
2629
3578
806
2481
230
934
3087
3993
426
600
3740
442
3966
569
3059
1882
2704
1860
3189
804
3524
1486
871
1948
1844
187
2835
3260
788
424
1640
3546
1960
454
3315
1346
3162
2856
1996
2856
2730
3042
3959
837
2245
2550
3378
1572
122
2868
422
3592
2568
3253
1202
3976
1526
3060
2757
2300
2470
2120
770
320
2168
1978
3671
2702
334
3284
698
2844
438
3968
3250
2728
1478
278
3784
1464
3193
342
1092
2162
246
3530
1968
2071
2310
436
2786
3432
3808
3212
3628
2079
3220
1444
1584
2790
1634
886
1833
1482
3344
2680
2282
3232
2562
3438
1624
2304
1150
3046
2748
1406
1654
1798
3202
2609
3856
101
3892
2270
970
774
124
3180
3717
3603
2045
892
2585
2430
336
1808
1461
553
2813
140
2991
512
938
1554
3344
1294
656
3484
972
2011
3250
1708
932
3432
3806
3419
774
3134
638
106
1490
25
2913
2613
92
2401
2930
2210
3348
346
651
3629
2289
1524
3053
2290
2202
2829
2870
2266
1865
3130
3632
782
1956
1253
652
1198
2472
722
552
2635
1438
2380
2242
1443
836
305
3666
3692
2664
1082
3509
430
3226
3806
172
2904
1892
284
2412
1344
2452
2539
1831
3971
3751
3350
33
1904
3032
1592
1350
938
125
3843
22
702
3104
1944
2972
3712
2196
1846
1584
179
2256
3593
3552
1802
2202
114
3048
1308
3447
780
3412
3875
703
1437
558
3506
2410
3000
1356
2296
3982
859
1996
2954
1684
790
766
1842
1466
716
3997
1582
1042
2338
984
3573
2154
2764
384
2428
3780
624
1191
650
142
2671
622
1122
1624
988
356
3461
446
2647
997
1297
2280
1012
1020
3370
3683
612
2429
1893
755
28
1387
3514
2080
613
3308
876
2986
3584
3480
1179
1993
3188
1046
586
828
1396
186
1630
230
2
3962
2564
3754
655
433
3956
2566
3356
1768
1795
50
3810
2024
3774
280
1964
738
608
73
501
1973
3088
71
322
3942
2000
1152
148
188
3830
1984
3029
2288
1550
834
1388
1984
3129
3278
2680
3860
11
694
146
2492
630
3079
1184
2282
2305
3720
3659
2390
3668
3281
1213
1168
2338
355
1997
2682
2132
3586
2926
1164
3900
1494
631
3216
287
3270
3935
2640
3105
3719
3223
3158
3016
52
914
3636
1074
3464
2699
232
3017
3790
3177
2722
200
2742
1804
2820
328
743
270
1594
1603
2902
851
348
3031
2496
3477
276
3130
1976
1678
3960
1976
3871
1006
588
3680
3356
987
3840
3833
1170
1496
330
1234
4
1956
1100
3726
1514
3312
1106
2116
3516
1470
2525
2984
2088
1220
1939
404
1504
2808
904
1976
2540
2772
449
3327
1226
489
2698
1822
1697
1107
2260
534
2490
2112
224
1638
3862
1912
2911
916
906
1033
2348
372
2840
202
177
1748
268
1948
818
3328
1527
3289
1378
1609
2272
3820
868
2816
3848
174
3172
216
640
1910
2012
810
1848
692
2310
2883
2407
3992
1540
3138
2395
3039
1922
2418
893
3333
2850
758
2672
1440
2126
301
510
2394
2604
2756
214
2992
2128
60
1772
2591
1408
3048
1788
3770
2864
1583
1746
3995
3532
2388
1952
2044
3791
3244
1618
2832
2400
2900
1164
1460
1581
640
8
1064
2090
565
3103
2622
1546
3422
1416
2042
3650
1588
2274
1828
2166
3657
78
885
2388
3234
2855
3204
2189
3084
2168
1910
3401
1098
2874
2440
1188
2242
1751
2504
3492
2070
2390
3106
2524
3478
2638
2621
2182
1222
3280
1454
1174
2080
1059
48
1447
1476
3009
2797
626
1277
2800
670
2898
3134
2880
3823
2150
2816
2010
2355
361
1034
3004
1420
589
1301
3743
472
2414
2961
1455
3632
1974
246
794
511
644
1649
2618
3894
3285
2361
1776
1834
2385
3576
2389
2009
396
1172
2072
2502
2904
3488
2362
418
2444
2701
3496
26
3252
266
3144
3346
3166
2910
112
2752
294
3906
3191
2292
3643
476
2122
118
2905
1923
3171
3877
3911
1503
3806
2596
676
1062
206
1708
169
578
2004
1005
2714
3213
3973
2745
930
948
3348
3902
378
2098
926
1616
1050
3130
3582
1076
2640
1902
1056
2705
2406
2732
1162
740
1450
1340
3392
1309
241
1230
3644
832
1800
1390
3634
960
3214
2292
3274
1955
3908
3036
2234
122
498
3800
597
53
1013
1462
318
996
2386
1458
1360
1353
1882
2328
482
1524
3240
3622
452
1474
1068
1663
2442
3369
318
3457
954
3570
2192
3036
1810
1338
2592
2084
464
2888
524
3033
491
3060
2886
2575
2972
2214
78
2153
2146
24
76
2160
3476
2121
991
3516
1564
3704
2638
1587
2956
3224
3485
2478
2212
2432
1242
732
2958
2410
58
192
3324
3820
486
3529
2918
3235
1248
2228
3915
3455
594
1744
656
812
2346
367
1324
594
3874
514
3772
0
2142
2440
2521
2590
896
1681
2378
2588
636
1182
2257
1666
3420
2791
1468
3932
1498
2467
2914
3754
469
804
372
136
1562
508
3107
3554
1704
3121
3190
3525
3142
310
17
2947
3560
3046
2976
2264
3814
3364
2164
2912
106
102
2689
1434
1010
2627
3280
2825
1918
662
3243
3624
2534
29
3267
104
3082
1872
794
16
1891
1424
1282
1396
3612
152
2384
935
1177
2426
3436
3654
1646
2727
2792
1196
954
219
370
3636
3968
920
1736
336
3414
3614
3953
1104
1964
1590
2650
3842
3857
2793
3104
2782
3454
3280
268
2052
482
2634
996
712
674
1760
2508
3113
3596
930
167
436
3536
3906
2000
222
3264
3753
1218
3676
1518
1698
832
694
530
830
3714
1053
2674
2036
2922
749
1196
3484
1186
223
2097
1326
834
3316
1994
546
2345
3910
2662
197
304
1879
1949
1824
3388
1904
3872
150
2143
1356
128
3546
716
596
3557
3275
298
3854
1632
540
2691
2060
647
3145
120
2765
2279
2794
3580
2560
3076
2064
742
1316
78
1058
3272
2506
3248
49
468
88
2174
1765
3804
3471
42
888
688
3577
3616
3274
201
352
1310
3633
1866
1714
3256
194
2830
2690
140
1232
2170
1994
606
1731
1602
2299
3204
64
2824
3151
2174
538
2795
1963
3475
2964
3831
126
580
3520
2833
66
1368
1480
1192
3942
329
2989
378
2619
3822
993
2530
723
2760
94
2056
365
1914
2779
2451
3773
586
1382
3768
0
61
162
732
3404
2972
768
15
2491
1037
1348
582
1097
2811
1160
3448
1207
2260
3180
2482
1907
970
405
1124
2466
3137
3448
880
2565
3241
916
3
3304
2300
584
2801
836
3786
3892
2890
409
2465
980
2302
3800
2578
2995
1937
2516
927
762
850
1006
3608
282
2729
2086
1068
3120
2941
3394
3210
2775
2887
44
2895
3169
3978
10
72
2480
326
2222
240
2596
928
448
1633
2768
3342
2789
754
697
1055
3218
3740
2334
2360
3346
2741
2736
656
3790
813
260
3148
1439
3148
384
1782
3116
1426
1734
1676
30
2428
3758
48
3061
2766
3800
2804
3665
722
490
90
1926
3019
1803
758
1388
2172
2060
3574
478
3506
2711
1024
635
1002
3139
1832
103
1502
1612
890
3122
3850
2198
2160
1126
126
1025
2782
2134
2036
3192
1038
138
195
2024
849
1225
576
1414
317
2865
2152
516
2446
2894
816
2703
718
2406
3418
3750
2022
1096
2642
1611
181
434
3341
1372
1476
3063
1012
1857
260
1866
874
3066
984
3708
2666
2476
1675
83
3445
2877
3387
918
872
3018
2256
1592
666
776
3556
232
295
3502
2661
3832
1314
1648
3655
1084
3662
1800
2146
1887
3868
3622
3962
2162
3646
962
2464
1062
1572
3568
1160
2088
3896
2042
3116
2116
3740
2030
3838
772
642
3381
1125
2906
2368
446
2104
465
3765
2919
1655
3536
949
1780
3374
765
1563
2372
430
2960
380
3362
2843
24
3996
794
3501
2354
698
426
3426
3320
237
3642
2684
634
2507
3627
3852
3824
2974
2548
1890
3922
3918
513
3127
1928
702
1672
3716
956
1578
2231
592
1666
2830
2772
2562
36
2125
3718
3980
1701
1083
3047
3985
2176
3458
2970
3416
1958
2584
12
2472
1410
1459
1950
2267
2460
752
322
579
3097
683
3368
3604
1393
1938
1652
1232
1752
1480
2251
3844
3165
3310
862
508
1244
444
1428
2762
3903
1570
306
1358
1192
3228
1764
2676
2462
1432
1262
1931
1034
800
529
2822
3086
3606
1272
1827
1140
754
3588
889
3664
552
790
1982
1195
3742
3041
1012
1298
735
1988
2864
3580
3194
1430
2509
1235
2548
512
3508
261
1464
3288
1336
3777
3970
2106
3272
270
2114
2910
1209
3239
2676
80
3270
1182
2946
3089
3056
3526
1578
1648
2900
2530
47
710
2881
382
2998
258
2632
604
3142
1913
3440
2852
539
3532
521
3938
1850
2640
2322
3948
1979
312
1714
383
401
1462
3749
1754
792
1598
3824
3056
3972
2144
762
3826
2712
3631
3451
845
2421
2416
2350
2607
3785
3803
3115
2620
346
2172
957
3108
2450
2136
3308
3738
3291
1113
274
1510
3700
1796
492
3066
1768
782
1060
504
3078
3226
2116
645
3146
3136
1532
3492
1530
662
1240
502
2834
1705
1318
2654
3406
1275
360
2547
2973
3702
1967
1123
2230
372
2824
31
1448
1692
1882
3668
2392
821
151
3534
2536
2082
438
1476
2568
2752
1334
1176
2694
3646
1881
3252
818
3462
1352
3246
1693
2098
2854
3799
2230
1792
2308
3057
2494
1232
352
3932
2151
2223
39
922
3277
3084
3728
2176
1947
3084
3295
1014
810
3660
2476
3304
1296
3268
1474
3839
2945
3901
1128
972
2740
2962
208
1018
2419
2222
1358
3108
1342
2682
118
800
862
919
2718
1488
1345
2950
708
2198
3756
3924
2350
524
1497
2538
3175
3950
2544
2908
3293
750
44
544
526
1066
3282
1082
3965
99
700
2323
236
3430
2200
3398
2372
2694
3884
390
1528
1274
2268
3490
1607
1638
796
718
1900
66
3538
3963
3923
550
93
3458
1531
2631
2135
3462
158
3128
2046
396
1706
3848
249
956
1026
398
1044
640
3440
1623
2620
1762
1610
62
2160
1204
3160
1541
2690
2040
1806
892
1654
2364
368
2264
1794
1410
1959
168
653
2970
3194
1600
1133
1316
194
2660
2380
400
406
2040
3222
3718
41
1880
2544
486
2286
2990
2598
808
3548
1103
614
1175
486
1804
1840
3124
3714
1136
2324
76
2270
2622
1004
2296
2208
2906
2868
2184
2644
2890
3902
2512
1500
2868
3266
200
700
1248
1404
2012
980
2531
3338
575
634
1
1153
846
2583
2468
1813
2413
2168
1582
2026
3946
2896
3870
2424
2576
474
1420
2180
2608
895
3957
1081
2754
487
2102
3748
1547
3890
3264
2932
3062
608
588
842
2742
1724
2882
672
1006
362
1364
643
2728
908
382
20
120
2572
3090
3514
2342
856
3620
1617
1003
1528
2510
2490
370
198
3952
1899
841
1568
1028
1502
2522
3126
2704
3769
2540
3929
3613
3265
724
1717
3841
1397
620
548
3358
677
1987
2026
2166
3914
814
664
2857
2974
1338
556
3434
2448
1224
3574
18
3090
248
3086
1802
654
1695
1326
3933
650
2996
1498
277
1710
3040
38
1102
3080
3034
2538
966
1124
1206
2520
248
1299
138
2708
2420
1440
3424
2537
1432
1138
368
3917
3815
3810
3444
942
2590
706
1554
820
1682
1404
2888
1637
20
3873
1708
671
3912
376
856
1031
599
3301
3768
3342
2778
1946
3816
3456
1402
2297
2962
2088
1010
1291
3676
1650
2274
203
256
2898
3384
1886
1682
1530
2132
547
3944
1578
3334
2100
3162
1226
764
413
362
3702
516
573
3610
2912
3403
293
2796
1292
3796
3138
1406
342
965
392
1377
3119
2626
2799
2228
1825
2447
1214
2820
3173
2798
1642
1874
1158
974
2928
149
3400
1114
914
3604
3975
1544
3954
324
971
3724
537
452
1016
2860
3112
1068
3812
648
616
1020
1760
3188
3422
3052
660
2234
1187
2752
2291
434
3508
226
3966
2936
2315
3470
3562
3969
1047
1854
458
2500
102
3616
3042
1117
1342
2479
1061
901
2706
3190
2660
1916
130
1699
3673
3022
3306
1757
1182
2218
2342
1258
3637
3686
3064
1719
1465
3362
1558
1766
496
414
1143
1730
3146
1264
24
1653
1933
1664
296
1928
160
1456
1924
1312
1712
267
983
1912
1379
215
1940
1183
3429
354
2410
664
1496
1196
3450
2802
2648
843
1307
3878
3486
3238
3232
472
786
3464
2028
2858
2630
2222
2020
3044
2472
2334
114
8
1789
3323
1318
514
143
234
1491
402
1734
2559
3644
3590
2806
1740
2806
548
2678
520
3266
498
1826
3102
2496
1485
1198
3838
220
2112
428
3676
2654
2156
2617
2733
3594
588
1771
784
3904
2956
850
1702
1850
3428
2207
3294
1832
3732
1780
2812
1469
3670
412
2262
1190
3466
1724
2758
2456
3044
2054
708
1662
3296
4
3690
3469
2193
2526
3876
3082
548
30
642
2487
3986
3078
2432
1312
3064
137
2660
1920
2674
2612
1484
3020
285
3332
932
1492
1520
728
3842
3722
1726
726
982
3757
3729
2652
228
768
1898
3068
1726
1580
1952
1520
2580
2577
858
1668
2374
795
2570
672
344
28
3516
1058
3716
2780
3778
1538
2150
760
1516
2354
1098
2303
3446
1398
1797
2360
3866
2446
2819
1684
2344
827
3590
2177
3444
696
2236
1652
2028
1986
132
958
1287
2161
1554
892
1929
1410
3876
356
2746
1135
262
1758
1500
1864
1024
563
1088
478
981
3599
1781
68
3094
3695
2268
3759
3244
630
296
921
220
2867
1930
2788
1656
1325
2376
1076
1402
3234
3322
3260
3756
798
982
1475
3254
2446
546
1426
2008
1303
1442
3474
1189
180
615
2994
1557
2866
2076
3656
1684
212
3258
1552
1256
2338
3286
823
3292
900
3844
2411
945
3300
3430
2777
2724
470
1339
1222
2788
2681
335
280
999
3252
3379
3257
91
1823
1374
3208
2027
3072
1723
2398
1032
816
964
2688
552
3153
3550
3228
407
121
3900
1864
2692
2931
2082
1259
3952
2800
3368
3394
189
2225
2518
2298
3168
2514
3446
3654
558
2708
2138
3664
782
1875
796
7
2762
3566
2968
856
1208
2776
3377
2248
3638
3865
2066
3427
3922
2392
2920
2546
946
1266
1588
915
740
2664
1870
3542
57
1608
1296
2828
281
3500
726
2356
1016
2292
1328
2688
2295
3539
802
3238
2556
550
1743
3900
1738
1992
95
3046
3180
1046
1682
3784
2915
386
2048
2758
1511
3956
1564
785
3314
1000
3383
1778
166
3152
2352
3330
3710
2940
243
3779
944
3303
1753
1568
294
3734
2942
3662
1786
3689
3190
3758
3364
3859
1322
576
1974
1632
1110
3542
3210
690
3669
549
3559
3924
585
3861
3760
238
614
3472
3641
3685
3360
2068
583
693
1971
2123
1336
3722
848
1217
2211
1405
2018
2213
3569
1154
772
1954
504
672
2047
536
3690
3352
3505
2663
326
2365
1588
3016
544
1673
3250
2767
2885
2466
708
2888
614
462
2628
2748
1886
1786
1724
235
1044
2550
1026
2013
1463
2182
2466
417
147
686
665
1890
2614
2724
2848
1032
3528
2982
2966
499
752
3801
3568
1590
3731
2594
1200
2504
3027
3870
484
1080
2520
799
1521
1824
1766
3459
1438
2983
1139
429
1438
3889
1718
1868
1805
471
1618
304
342
3784
1989
2587
3543
1260
3092
2302
1468
1830
3232
3347
3090
928
878
2061
1812
459
3894
572
1171
524
3155
2357
2182
1429
568
183
3070
2939
3111
3742
2437
440
1791
160
1442
3163
56
894
1688
3976
3172
3827
1574
828
1378
45
3334
2836
2262
2197
2416
3512
1738
1268
705
2568
3122
3694
3914
3221
3612
716
145
1366
528
2561
381
1314
1721
1216
1525
710
3256
2976
3830
2576
820
3804
2665
325
3214
3128
1558
706
2327
408
19
3678
1137
200
2484
1922
2228
1126
152
3318
2364
1951
164
128
760
166
3794
2980
2332
3548
3407
3132
2341
394
1810
560
2484
2162
134
1853
3418
3510
3404
3910
2514
3006
872
1890
2892
2669
852
2818
2981
733
986
3408
1734
720
2713
1367
40
2337
3818
326
3402
1250
3234
2252
2878
86
3797
1691
602
879
1519
2942
664
2214
944
898
3272
2456
3526
2567
1138
2320
1780
518
1118
2140
3355
3318
3726
3999
3606
2440
1268
3586
3832
2170
3456
1606
2417
2839
3910
2118
1867
3472
2615
942
368
3196
2148
544
2332
3982
136
1436
3386
1720
1440
1272
2732
2318
2126
2312
1656
258
2398
2016
2306
3650
3728
2822
748
3882
380
3024
2179
2108
1000
1132
670
2987
2953
3322
536
3068
2015
1895
2971
304
604
519
3004
1498
3830
1840
410
838
3125
3512
3349
2584
2453
3140
3308
3374
769
2484
2140
1782
3964
2649
2262
1218
1306
80
3640
2974
781
2858
3482
1332
1362
1940
1350
450
1555
2543
2574
2512
3448
1725
2834
3238
2602
188
2087
123
1364
644
3809
2382
1108
955
2056
3706
2362
2996
1110
950
1704
1965
1507
1620
505
1738
2238
2118
535
1004
445
2275
1874
1254
612
3283
3661
2190
881
1416
2286
3338
96
1917
1378
3628
1506
2884
2200
2077
1094
1264
3008
712
3727
328
866
2964
1908
1872
286
1821
3074
1180
2426
3199
654
2346
3298
2932
951
3810
1679
2066
1001
1130
3416
1130
3696
406
2208
3592
3838
3792
3688
1750
2866
1534
2506
729
1064
366
1854
3895
1051
3098
386
3373
1934
3490
1435
3246
1349
2679
1768
68
650
3970
2226
713
1796
494
2316
1104
2092
312
1453
253
72
3152
1317
1876
3648
3498
2190
1927
2366
3764
669
1448
1433
1886
1316
1238
3178
1876
3818
2042
1829
362
220
2728
2024
572
3040
146
1114
680
2092
3694
168
3460
543
2826
995
3042
3092
608
1276
2874