712
81
524
574
381
51
716
469
62
967
778
990
806
606
130
812
813
48
43
83
421
62
950
975
382
156
962
325
743
696
378
298
315
942
58
661
898
209
872
7
539
359
759
259
953
210
275
650
644
992
827
311
750
565
559
292
174
911
617
58
231
837
485
977
575
239
537
517
484
662
45
689
789
989
10
608
131
430
38
672
763
226
433
295
458
525
791
205
805
201
782
44
742
358
41
247
616
478
912
702
852
931
632
119
821
726
259
597
327
484
56
324
487
243
133
180
154
46
543
31
472
4
257
313
494
939
112
636
513
305
456
626
967
183
251
941
781
510
264
414
145
895
214
619
838
819
163
500
443
76
78
949
752
646
679
593
567
693
73
448
848
13
643
971
286
585
890
562
488
198
683
241
22
720
783
191
918
269
697
886
523
640
542
108
987
740
236
858
20
399
695
735
659
623
417
144
415
994
334
630
356
159
27
727
835
810
362
665
67
243
395
257
258
885
853
36
969
203
928
1
148
453
250
669
897
190
691
501
722
294
974
14
209
847
109
670
138
322
910
873
28
618
719
711
19
312
867
651
722
786
528
82
354
403
255
642
89
703
107
765
28
358
397
114
287
116
189
793
186
504
262
852
302
47
106
208
846
285
761
577
670
388
581
684
191
91
245
881
724
760
644
409
780
468
449
72
618
392
260
142
718
300
206
715
546
178
155
408
111
294
579
177
831
578
760
402
782
415
391
244
599
147
721
579
553
288
353
487
65
442
420
547
951
442
562
592
14
734
866
777
289
206
151
831
816
121
473
915
20
314
157
543
506
639
113
143
758
160
819
281
709
310
31
220
34
851
314
587
69
97
748
465
734
468
410
325
929
991
16
880
600
367
252
358
821
731
89
657
974
32
728
350
529
280
172
840
173
599
37
980
338
999
933
84
664
571
569
118
716
354
493
281
723
179
817
667
576
212
611
262
116
438
507
988
186
105
415
719
927
776
151
45
308
479
906
982
133
552
430
747
913
637
915
526
870
428
831
169
254
963
137
227
648
497
351
267
891
465
555
946
681
274
309
603
486
568
50
875
899
774
788
720
645
317
647
522
361
554
23
139
779
955
239
297
826
17
450
771
391
793
660
905
50
298
398
565
972
144
29
516
290
486
595
671
21
720
865
782
252
223
861
124
811
388
730
768
260
93
592
688
890
417
451
937
945
766
387
369
18
878
831
250
120
152
437
839
809
305
896
96
526
204
39
907
928
375
727
296
129
453
724
184
98
698
984
71
664
746
683
417
859
206
147
463
454
152
480
454
763
370
517
667
315
673
218
448
521
253
874
531
329
507
791
892
459
787
108
905
189
291
599
209
280
52
956
326
363
263
353
444
607
620
197
430
706
633
869
624
393
187
844
333
760
41
510
348
772
732
18
398
14
520
940
231
830
95
791
374
722
189
777
612
856
656
225
871
698
388
588
920
447
469
925
398
35
278
376
823
188
575
678
547
389
745
5
669
984
57
704
288
973
235
593
533
79
560
981
856
323
736
971
833
467
232
972
384
785
653
372
74
534
197
608
3
894
640
498
76
497
24
925
921
265
562
75
196
167
222
655
622
846
556
564
598
986
984
914
939
473
857
790
617
17
13
475
614
647
166
839
484
334
462
911
995
328
275
110
734
411
107
304
836
115
11
377
9
11
446
633
387
291
8
820
51
113
803
558
883
507
354
181
477
699
383
36
239
592
47
390
154
203
468
85
866
316
937
670
303
226
229
692
947
978
511
671
283
467
508
234
804
365
652
425
90
702
854
103
221
138
30
547
424
824
632
828
482
365
435
998
884
845
966
436
910
611
149
113
135
307
808
941
496
477
540
710
380
217
102
483
301
807
694
118
729
821
146
6
613
457
965
308
959
739
686
465
983
70
795
590
950
141
794
92
992
904
700
345
566
997
509
610
161
580
887
736
165
373
2
749
385
825
256
216
45
961
0
532
411
192
362
544
798
800
239
405
615
729
507
208
497
410
25
330
889
275
649
849
211
649
200
70
628
769
101
570
648
502
74
138
468
285
526
824
249
171
404
421
502
483
647
913
864
918
477
860
974
213
266
528
122
751
530
435
920
95
400
194
597
997
615
55
862
893
788
192
948
655
409
840
272
753
193
594
157
993
337
136
756
548
921
455
88
209
637
717
36
66
432
408
373
924
797
182
934
533
360
520
309
235
299
900
629
936
747
284
581
710
167
688
113
491
253
826
933
167
49
634
276
479
418
127
826
185
527
94
690
818
69
942
917
320
250
219
429
601
531
441
801
406
674
105
132
445
417
470
80
922
17
100
59
862
944
582
252
331
565
769
476
987
938
331
240
359
349
481
491
482
165
995
187
543
707
815
189
764
416
379
343
954
741
423
446
572
60
15
874
858
939
863
161
583
938
352
901
639
396
926
681
701
96
580
335
346
877
64
541
903
998
54
882
824
256
140
27
40
503
238
913
757
917
699
339
126
413
128
923
635
490
319
548
279
325
972
888
37
542
738
638
703
960
244
199
654
745
98
897
701
499
759
271
189
367
81
764
11
368
767
868
969
572
909
515
399
897
978
357
713
129
921
355
614
86
289
412
85
419
77
538
246
561
604
460
347
101
9
114
784
735
621
342
5
953
26
518
94
270
817
228
454
755
61
194
737
52
195
492
230
123
666
452
64
593
453
673
761
83
572
397
514
168
490
662
695
849
474
885
345
952
814
503
957
551
955
255
471
153
204
762
306
584
957
728
440
841
336
522
840
389
965
669
599
773
661
761
364
63
78
834
134
248
495
625
783
155
734
237
970
536
85
642
916
202
64
144
810
682
660
302
685
596
490
242
976
489
807
446
902
261
550
930
555
125
439
842
743
273
268
507
26
426
427
801
63
687
675
829
318
705
332
666
850
47
394
144
733
680
224
795
53
130
589
743
996
12
68
853
461
700
42
87
822
775
68
464
631
855
598
170
832
799
422
794
725
641
651
150
194
333
806
767
964
580
545
380
16
339
740
530
820
985
750
117
309
876
587
490
33
431
627
542
714
99
605
201
695
643
362
958
667
362
502
899
823
882
425
876
331
744
271
611
938
519
792
447
98
258
5
287
282
413
220
802
480
293
859
159
321
896
277
957
796
104
968
668
344
358
335
146
53
908
982
434
28
948
885
771
153
355
81
322
842
175
702
215
553
414
943
708
164
395
919
371
366
539
77
663
843
775
904
563
89
932
966
549
573
374
865
557
158
351
162
680
828
879
676
677
591
386
48
210
30
531
440
2
976
183
416
407
50
461
474
723
547
435
609
979
508
422
401
233
731
770
575
896
736
341
505
141
198
918
176
192
776
456
87
207
910
811
194
602
935
535
37
242
672
466
533
914
571
152
658
275
586
49
502
340
754
512
391
88
